 App TDT AFT TDI SI
0 bbc.mobile.news.uk 2.785 4.187 2035.4297215497534 1271.4400000000744
1 bbc.mobile.news.uk 5.654 5.862 4446.8258506478305 1503.8900000001895
2 bbc.mobile.news.uk 2.79 4.445 2176.9895135550823 1412.8300000002448
3 bbc.mobile.news.uk 2.872 4.162 2115.739109027932 1364.1700000001401
4 bbc.mobile.news.uk 3.1519999999999997 4.282 2366.636662045288 1347.260000000146
5 bbc.mobile.news.uk 2.77 4.115 2029.915364417892 1436.8400000002416
6 bbc.mobile.news.uk 2.983 4.4670000000000005 2213.58758750797 1388.2400000001667
7 bbc.mobile.news.uk 2.872 4.187 2100.1757550516227 1345.4600000001058
8 bbc.mobile.news.uk 2.676 3.885 2001.8124551394196 1291.3500000001404
9 bbc.mobile.news.uk 4.154 4.39 3316.2441823517906 1400.840000000193
10 com.abtnprojects.ambatana 3.0869999999999997 3.9539999999999997 2027.4370442013849 1342.8499999999058
11 com.abtnprojects.ambatana 2.8369999999999997 3.772 2087.645821042864 1436.1499999999078
12 com.abtnprojects.ambatana 3.303 4.1160000000000005 2319.3447208881666 1367.4199999999016
13 com.abtnprojects.ambatana 3.281 4.1160000000000005 2313.620516484412 1355.0399999998895
14 com.abtnprojects.ambatana 2.905 3.838 1992.9149518499512 1346.8099999998826
15 com.abtnprojects.ambatana 2.677 3.5060000000000002 1936.751254315013 1292.5999999999258
16 com.abtnprojects.ambatana 3.092 3.945 2194.575482269897 1301.1999999998325
17 com.abtnprojects.ambatana 3.138 3.9619999999999997 2295.6493530132266 1324.9499999999014
18 com.abtnprojects.ambatana 2.806 3.654 2063.898288037966 1261.6999999998475
19 com.abtnprojects.ambatana 5.3420000000000005 6.777 2892.0576016014365 1957.5600000001227
20 com.amazon.mShop.android.shopping 8.41 8.722999999999999 6646.5448364878475 2011.690000000108
21 com.amazon.mShop.android.shopping 8.783 7.039 7048.460348292686 1525.3700000000408
22 com.amazon.mShop.android.shopping 7.14 6.917999999999999 5476.209638181728 1698.6900000000378
23 com.amazon.mShop.android.shopping 9.286 7.035 7571.689223548925 1559.1500000000692
24 com.amazon.mShop.android.shopping 7.104 7.016 5518.629356330376 1586.0200000000514
25 com.amazon.mShop.android.shopping 7.757000000000001 7.517 5947.746418982677 1641.8400000000556
26 com.amazon.mShop.android.shopping 8.722999999999999 7.2 7004.713994620876 1663.010000000042
27 com.amazon.mShop.android.shopping 7.501 6.986000000000001 5736.080028857022 1501.1499999998966
28 com.amazon.mShop.android.shopping 8.288 7.397 6256.037383508292 1693.6400000000674
29 com.amazon.mShop.android.shopping 11.98 9.847000000000001 10203.731913120313 2651.789999999949
30 com.cnn.mobile.android.phone 5.101 6.0489999999999995 3666.7764071933116 2246.3100000003933
31 com.cnn.mobile.android.phone 5.812 6.5089999999999995 4325.769299189265 2839.6400000002727
32 com.cnn.mobile.android.phone 4.351 5.477 3242.8569331066283 2146.27000000034
33 com.cnn.mobile.android.phone 4.864 5.874 3564.7007333113893 2255.060000000077
34 com.cnn.mobile.android.phone 5.0680000000000005 6.081 3462.103127279835 2338.550000000378
35 com.cnn.mobile.android.phone 6.909 7.919 4973.709925074998 3384.06000000043
36 com.cnn.mobile.android.phone 4.872 5.892 3400.0337260219903 2160.7900000003747
37 com.cnn.mobile.android.phone 8.105 7.695 4546.301767052082 2500.010000000545
38 com.cnn.mobile.android.phone 6.5520000000000005 7.646 4183.839015468498 2591.890000000524
39 com.cnn.mobile.android.phone 5.49 6.7139999999999995 4613.778233831039 2939.760000000051
40 com.facebook.katana 7.502999999999999 4.4639999999999995 4772.087726250255 748.7899999998821
41 com.facebook.katana 6.36 4.787 4277.946261847465 750.2499999998479
42 com.facebook.katana 1.655 4.2139999999999995 1182.9366733079487 741.5399999998123
43 com.facebook.katana 1.729 4.6610000000000005 1245.2418288157069 924.5100000001288
44 com.facebook.katana 6.414 4.156000000000001 4740.501547892717 661.589999999904
45 com.facebook.katana 3.9419999999999997 4.5360000000000005 2539.849449102316 877.1700000000158
46 com.facebook.katana 15.329 5.071000000000001 1226.663738238 1018.4800000000847
47 com.facebook.katana 2.492 4.285 1699.2717194941022 818.1899999998807
48 com.facebook.katana 8.859 4.593 2345.175634435456 1200.650000000086
49 com.facebook.katana 6.931 3.077 1345.134534213345 648.3099999998924
50 com.facebook.orca 19.750999999999998 1.246 1191.460904142421 1196.8699999998125
51 com.facebook.orca 4.851 1.177 3517.651125936965 1118.7699999998458
52 com.facebook.orca 2.378 1.11 1685.7228452986822 954.109999999944
53 com.facebook.orca 2.6239999999999997 1.1909999999999998 1363.8703463267402 1045.0299999999443
54 com.facebook.orca 3.0589999999999997 1.237 2112.3633846591792 1054.409999999946
55 com.facebook.orca 2.4459999999999997 1.202 1719.5160431148438 1038.8099999999506
56 com.facebook.orca 3.11 24.268 2131.0908767689425 12575.319999999907
57 com.facebook.orca 2.275 1.167 1604.8568159081271 961.61999999995
58 com.facebook.orca 4.727 1.177 2789.1063396511768 965.09999999995
59 com.facebook.orca 2.548 1.2209999999999999 1770.353732314789 1014.3399999999514
60 com.google.android.apps.maps 14.725 10.273 4427.2334948291 3872.640000001632
61 com.google.android.apps.maps 7.286 4.4510000000000005 4628.325504829397 1886.4299999999032
62 com.google.android.apps.maps 6.6480000000000015 3.827 4129.4892203148975 1754.1299999998942
63 com.google.android.apps.maps 6.859 3.813 3423.662526506235 1772.0999999999542
64 com.google.android.apps.maps 7.587999999999999 3.625 4547.148388690607 1695.5399999999274
65 com.google.android.apps.maps 7.375 4.064 4512.297898675188 1924.6799999998998
66 com.google.android.apps.maps 7.099 4.051 4364.456536167265 1778.2199999999066
67 com.google.android.apps.maps 6.7730000000000015 4.051 4192.3056419528475 1902.2499999998972
68 com.google.android.apps.maps 8.038 5.131 4356.721435529196 1902.8099999996853
69 com.google.android.apps.maps 7.227 6.591 3743.348492464817 2383.0800000039912
70 com.google.android.gm 1.825 2.718 958.5762623633713 1177.4799999999886
71 com.google.android.gm 1.65 2.145 866.3450460829622 1130.1799999999876
72 com.google.android.gm 2.861 2.17 1229.5079905244927 1107.2599999999795
73 com.google.android.gm 1.256 2.14 659.8275340393368 1084.69999999996
74 com.google.android.gm 2.6460000000000004 2.099 1389.5062836625302 1053.3399999999624
75 com.google.android.gm 1.538 2.2960000000000003 807.4975278121233 1123.2699999999618
76 com.google.android.gm 2.015 2.114 1058.3262611975756 1099.1799999999782
77 com.google.android.gm 3.092 2.264 1356.281901642089 1127.1999999999755
78 com.google.android.gm 1.5319999999999998 2.127 804.4900744416968 1085.0399999999613
79 com.google.android.gm 1.15 2.185 603.9876033057859 1051.7199999999623
80 com.google.android.youtube 6.665 4.1739999999999995 2554.7315535649145 1270.3499999998126
81 com.google.android.youtube 6.22 6.517 3776.455904796501 1324.5299999997967
82 com.google.android.youtube 6.556 6.354 3835.8784794869407 1190.3499999997605
83 com.google.android.youtube 6.9239999999999995 6.667000000000001 4131.327800610798 1253.8799999997987
84 com.google.android.youtube 5.332000000000001 5.65 2399.8141656823705 1329.4199999997454
85 com.google.android.youtube 16.303 16.546 6606.227775355801 5676.1300000020265
86 com.google.android.youtube 5.36 4.237 2245.8068774107164 1183.8099999998376
87 com.google.android.youtube 3.4789999999999996 4.093 1567.9425577321133 1411.079999999703
88 com.google.android.youtube 6.267 7.676 3316.81276772 1633.21
89 com.google.android.youtube 2.4290000000000003 3.5580000000000003 740.2460369610001 1086.64
90 com.instagram.android 2.151 2.737 1657.0695727836774 1419.5699999999774
91 com.instagram.android 2.5610000000000004 3.339 1955.747632370793 1347.870000000037
92 com.instagram.android 2.411 3.15 1771.2039738022934 1244.1000000000931
93 com.instagram.android 2.326 3.2089999999999996 1787.8339180246835 1160.8700000000306
94 com.instagram.android 2.6069999999999998 3.4610000000000003 1906.121541418414 1327.9800000001408
95 com.instagram.android 2.112 3.1639999999999997 1512.8315178892428 1250.6900000001374
96 com.instagram.android 3.4739999999999998 3.8369999999999997 1951.4128398648847 1417.0200000001828
97 com.instagram.android 2.541 3.26 1924.6067715263143 1286.2800000001112
98 com.instagram.android 2.395 3.0700000000000003 1798.2916116599465 1238.43000000009
99 com.instagram.android 2.323 3.139 1783.7289808369794 1271.1200000001484
100 com.microsoft.office.outlook 3.6310000000000002 4.47 1529.1847578997213 1327.299999999726
101 com.microsoft.office.outlook 2.464 3.403 1030.893028756548 1245.6600000001526
102 com.microsoft.office.outlook 2.101 3.537 875.6487705154706 1305.670000000196
103 com.microsoft.office.outlook 3.7260000000000004 3.845 1069.7660496039757 1367.4800000002695
104 com.microsoft.office.outlook 4.138999999999999 3.7880000000000003 1654.0433100722712 1267.9799999997804
105 com.microsoft.office.outlook 3.778 3.7680000000000002 1711.7884805442816 1267.789999999786
106 com.microsoft.office.outlook 4.061 3.576 2082.6820182313954 1301.2400000001958
107 com.microsoft.office.outlook 2.444 3.449 1129.6841221962918 1205.0799999998387
108 com.microsoft.office.outlook 2.2430000000000003 3.514 1015.0080121558568 1252.8299999997935
109 com.microsoft.office.outlook 3.333 4.881 1333.211389751856 1471.5299999996394
110 com.particlenews.newsbreak 6.524 4.027 4122.809960325697 1444.7500000001776
111 com.particlenews.newsbreak 7.662000000000001 4.821000000000001 4858.792377898059 1379.9700000000694
112 com.particlenews.newsbreak 9.836 4.319 1686.26738362813 1505.7500000000998
113 com.particlenews.newsbreak 6.596 5.756 4083.7000606504175 1354.1100000000245
114 com.particlenews.newsbreak 6.306 5.2 4126.489579258888 1485.2100000001008
115 com.particlenews.newsbreak 5.822 5.722 3865.7154298666137 1472.040000000089
116 com.particlenews.newsbreak 9.509 6.431 5213.949707844578 1453.5700000000788
117 com.particlenews.newsbreak 9.351 5.721 5920.050932416989 1430.0000000001078
118 com.particlenews.newsbreak 7.251 5.843 4561.557291987653 1399.9300000000196
119 com.particlenews.newsbreak 6.12 7.53 4838.3506438431905 2117.0800000001705
120 com.snapchat.android 7.229 5.524 2988.3784490680528 2386.699999999941
121 com.snapchat.android 3.95 4.9 2375.841301824603 2110.349999999804
122 com.snapchat.android 5.212000000000001 4.129 3050.8847769862846 1941.6799999998248
123 com.snapchat.android 5.559 4.212 2612.598509338214 2062.8599999998087
124 com.snapchat.android 5.807 4.361000000000001 3168.6095504830464 2065.939999999834
125 com.snapchat.android 5.553 4.612 2879.1828152487956 2119.729999999813
126 com.snapchat.android 5.0889999999999995 4.226 2693.0006417379145 1943.5099999998276
127 com.snapchat.android 5.949 4.658 3170.737566486198 2124.0799999998153
128 com.snapchat.android 6.937 4.825 3869.6862021660345 2274.230000000001
129 com.snapchat.android 6.565 4.641 3702.2648834142046 2219.6899999999832
130 com.soundcloud.android 4.454 5.987 3330.496296618911 1506.5000000001808
131 com.soundcloud.android 3.221 4.3919999999999995 2644.25245008832 1305.4500000001465
132 com.soundcloud.android 3.158 4.388999999999999 2541.5483707573544 1262.7900000000525
133 com.soundcloud.android 3.755 4.965 2831.024166383443 1374.7799999999845
134 com.soundcloud.android 3.431 4.476 2662.000345572885 1214.5400000001096
135 com.soundcloud.android 3.4730000000000003 4.556 2716.816244437571 1249.360000000148
136 com.soundcloud.android 3.054 4.274 2464.016869007629 1194.8700000001045
137 com.soundcloud.android 3.5660000000000003 4.7219999999999995 2735.608475823453 1233.3600000001015
138 com.soundcloud.android 4.351 4.735 3129.092607783949 1310.6100000000945
139 com.soundcloud.android 5.68 6.856 4105.5324870904415 1410.199999999963
140 com.spotify.music 11.571 15.429 11122.534692252186 2005.4999999991956
141 com.spotify.music 11.985999999999999 13.362 11523.749452472664 1731.7699999993624
142 com.spotify.music 11.529000000000002 12.825999999999999 11034.810203381721 1611.6599999994305
143 com.spotify.music 11.922 13.377 8189.826854403792 1708.1799999993855
144 com.spotify.music 12.213 13.602 11678.547050867532 1716.9999999993745
145 com.spotify.music 11.602 13.052 11210.234409579894 1925.8599999992166
146 com.spotify.music 12.133 13.675999999999998 11600.84623225369 1750.7399999993368
147 com.spotify.music 12.307 13.628 11790.654222410894 1770.9799999993222
148 com.spotify.music 12.12 13.4 11613.203295864729 1673.5699999993963
149 com.spotify.music 11.375 12.897 10992.124930716065 1690.799999999395
150 com.twitter.android 24.479 4.001 1602.957692074982 1399.4399999996629
151 com.twitter.android 8.798 5.202000000000001 3951.0459324940102 1224.559999999899
152 com.twitter.android 2.9810000000000003 3.56 1509.909037925656 1071.7500000000355
153 com.twitter.android 2.779 3.528 1405.6673119340887 1097.2799999999968
154 com.twitter.android 3.1439999999999997 3.63 1576.4573166289813 1039.1600000000724
155 com.twitter.android 2.94 3.595 1435.8600252245926 1074.2000000000303
156 com.twitter.android 2.405 3.463 1242.259658087666 1004.0000000000753
157 com.twitter.android 2.577 3.4930000000000003 1347.4223158583816 1068.2100000000344
158 com.twitter.android 2.6860000000000004 3.565 1334.2451764658329 1136.4399999999455
159 com.twitter.android 2.51 3.4789999999999996 1295.7505801412274 1079.0700000000184
160 com.ubercab 24.78 27.71 13795.449708833194 3645.3200000009865
161 com.ubercab 24.886999999999997 24.533 13787.495067205518 4769.62999999943
162 com.ubercab 25.695 24.695999999999998 14386.246052094384 4442.820000000059
163 com.ubercab 26.021 24.997 18544.688291029084 4822.539999999473
164 com.ubercab 23.574 24.818 12383.897087818485 4858.7999999993235
165 com.ubercab 25.002 25.070999999999998 13405.597745703722 4655.099999999797
166 com.ubercab 25.201999999999998 25.148000000000003 14826.63932813466 4567.2699999999795
167 com.ubercab 25.357 25.594 13824.150199815507 4583.140000000042
168 com.ubercab 23.820999999999998 25.511 14221.116834620416 5556.389999999113
169 com.ubercab 25.413 27.8 13644.277338026464 8002.239999995086
170 com.whatsapp 0.8390000000000001 2.536 440.8788221970553 1142.450000000045
171 com.whatsapp 0.753 2.418 395.5151515151512 1109.1499999999887
172 com.whatsapp 0.757 2.4659999999999997 397.52010050251226 1136.2400000000573
173 com.whatsapp 0.947 2.254 497.27008032128487 1097.5000000000305
174 com.whatsapp 0.794 2.346 416.9688622754488 1101.6700000000162
175 com.whatsapp 0.883 2.376 463.8363832077501 1158.9600000000446
176 com.whatsapp 0.8210000000000001 2.386 431.40509259259255 1124.17000000005
177 com.whatsapp 0.937 2.265 492.257606490872 1079.2600000000155
178 com.whatsapp 0.8590000000000001 2.365 451.3550884955749 1187.4000000001026
179 com.whatsapp 2.195 2.228 1152.612554112588 1072.589999999999
