 Website PLT TDT AFT TDI SI
0 youtube.com 1.938106 2.3280000000000003 2.259735 1736.57213174 1729
1 youtube.com 1.476672 1.7719999999999998 2.0255389999999998 1295.95584255 1338
2 youtube.com 1.434852 1.726 1.9254040000000001 1258.51611309 1353
3 youtube.com 1.347759 1.618 1.777852 1182.14325037 1259
4 youtube.com 1.450249 1.703 1.8670849999999999 1265.5741525 1361
5 google.com 2.447781 2.162 2.868602 1245.12169561 1826
6 google.com 1.920134 1.673 2.3472060000000003 952.481682904 1434
7 google.com 2.057892 1.817 2.486181 1021.7970157 1544
8 google.com 2.277726 1.636 2.222557 981.220555791 1411
9 google.com 2.047532 1.7890000000000001 2.4584759999999997 955.59964198 1491
10 facebook.com 6.514732 6.13 7.228459 3117.52673963 3113
11 facebook.com 4.534832 3.3739999999999997 5.337192 2248.24502485 2403
12 facebook.com 4.426625 3.367 5.225771 2106.28131644 2102
13 facebook.com 4.6993 3.5439999999999996 5.463643 2379.89297532 2121
14 facebook.com 4.7211870000000005 3.415 5.499531 2250.2975415 2192
15 baidu.com 5.990957 6.269 4.714487999999999 3550.28630022 1802
16 baidu.com 5.587197 5.622000000000001 3.3632129999999996 2799.96687996 1978
17 baidu.com 4.755648000000001 4.8 5.129441 2645.83076151 1645
18 baidu.com 4.4347769999999995 4.467 4.855748999999999 2464.37455425 1679
19 baidu.com 4.323257 4.361000000000001 4.695287 2391.02545581 1656
20 wikipedia.org 1.640514 1.55 2.451562 565.522652189 1636
21 wikipedia.org 1.187535 0.32799999999999996 1.892467 238.220570288 1047
22 wikipedia.org 1.2875940000000001 0.373 1.983137 262.56531870599997 1141
23 wikipedia.org 1.3923889999999999 0.424 2.115332 331.865844402 1256
24 wikipedia.org 1.48448 0.544 2.219964 425.059541229 1361
25 reddit.com 3.8354980000000003 1.073 6.1260069999999995 810.668875172 3995
26 reddit.com 3.200669 0.8140000000000001 5.360712 601.51801815 3546
27 reddit.com 3.399911 0.927 5.801372 637.33395634 4086
28 reddit.com 2.9894580000000004 0.735 5.681595 522.0838336630001 4357
29 reddit.com 9.952698 7.14 12.462366000000001 6806.39714866 10973
30 qq.com 6.644755 6.712999999999999 5.950544 2921.59608058 4025
31 qq.com 4.964493 3.616 4.3017959999999995 1905.74664647 2833
32 qq.com 6.140294 4.027 4.760561 2164.20775764 3346
33 qq.com 6.11413 4.715 5.3762 2489.40189067 4039
34 qq.com 4.695037 4.126 4.8403160000000005 2146.40478255 3429
35 taobao.com 5.438662 4.294 7.884953 2877.39683574 3961
36 taobao.com 5.028035 4.791 6.683857000000001 2748.5669322 3002
37 amazon.com 2.865475 5.131 5.404736 3395.62940639 1845
38 amazon.com 2.682537 4.412 14.692236 2998.14606585 1869
39 amazon.com 2.729018 4.086 25.204287 2940.72606185 1913
40 amazon.com 2.9406060000000003 4.934 5.498747 3458.1590901999994 2127
41 sohu.com 21.671066 9.878 20.472417999999998 4120.6867635 7038
42 sohu.com 14.163589000000002 8.42 14.436043 3528.87660257 6274
43 sohu.com 14.150251999999998 8.256 14.253848999999999 3848.23895696 6046
44 tmall.com 12.452599000000001 11.880999999999998 14.185903 8176.28452586 10568
45 tmall.com 5.735195 5.892 8.288072999999999 3597.19666165 5930
46 tmall.com 5.243531 5.329 6.9060820000000005 3314.1910353 5389
47 tmall.com 5.2218860000000005 5.404 6.820867999999999 3287.7813195999997 5419
48 tmall.com 5.92289 5.992000000000001 7.548807000000001 3869.45842223 6081
49 google.co.in 2.172299 1.913 2.585108 1112.98615439 1350
50 google.co.in 2.195857 1.736 2.3280380000000003 1029.02059362 1303
51 google.co.in 1.886909 1.6380000000000001 2.332121 898.504592021 1206
52 google.co.in 2.2034979999999997 1.7380000000000002 2.320056 948.7551880689999 1218
53 google.co.in 2.014775 1.7619999999999998 2.417113 938.3295404969999 1237
54 jd.com 9.33767 9.797 12.477768 4936.96717232 5711
55 jd.com 9.34083 8.547 14.719103 4899.61985548 5571
56 live.com 1.471164 2.436 1.550857 1716.3136892 1415
57 live.com 0.871151 1.485 0.9477830000040001 954.380416257 863
58 live.com 0.839461 1.429 0.920607000001 929.5483542999999 789
59 live.com 0.9507040000000001 1.536 1.040129 1019.09173261 890
60 live.com 0.809376 1.476 0.889162999999 925.748392299 781
61 google.co.jp 2.506504 2.267 2.953464 1443.9351515 1736
62 google.co.jp 2.141274 1.6769999999999998 2.317599 900.640066421 1137
63 google.co.jp 1.958762 1.535 2.1156900000000003 792.983656145 1019
64 google.co.jp 1.87022 1.435 2.011022 796.4910996389999 1026
65 google.co.jp 1.7561369999999998 1.5 2.191725 781.041933075 1019
66 360.cn 8.410899 7.257999999999999 7.444014 6060.52893601 2816
67 360.cn 4.395213 3.6839999999999997 4.047329 2902.9705642 1551
68 360.cn 5.189209 4.577 4.642069 3788.91762258 1418
69 360.cn 5.245223999999999 4.484 4.56747 3670.45256189 1537
70 yandex.ru 2.8006029999999997 2.641 2.975282 1332.27086462 1393
71 yandex.ru 3.154481 3.0980000000000003 2.7490330000000003 1392.93042096 1306
72 yandex.ru 3.2803080000000002 3.159 3.18483 1434.16731588 1349
73 yandex.ru 2.642197 2.556 2.666234 1237.64043708 1275
74 twitch.tv 4.548655999999999 3.897 4.598818 2153.68433675 2334
75 twitch.tv 2.762334 2.0340000000000003 2.767661 649.4898415580001 774
76 twitch.tv 2.949994 2.1919999999999997 2.92003 750.2466379780001 870
77 twitch.tv 2.90499 2.0869999999999997 2.924832 748.719417858 893
78 twitch.tv 2.872041 2.16 2.908255 671.6204291519999 804
79 google.ru 2.496802 2.04 2.643031 1275.20483237 1495
80 google.ru 2.059482 1.817 2.484366 1042.09641186 1276
81 google.ru 2.075423 1.585 2.196403 872.1318487469999 1158
82 google.ru 1.84848 1.597 2.260613 895.4549233539999 1149
83 google.ru 1.956437 1.703 2.379325 972.1091078310001 1249
84 google.co.uk 2.1274669999999998 1.893 1.8903560000000001 1202.79032833 1063
85 google.co.uk 1.778743 1.547 1.5634 826.362170655 760
86 google.co.uk 1.8149110000000002 1.538 1.578692 836.553850257 727
87 google.co.uk 1.9055060000000001 1.639 1.638142 921.025883265 811
88 google.co.uk 1.8857509999999997 1.645 1.624662 889.18828973 816
89 google.com.br 2.166072 1.921 1.9429130000000001 1161.0304612 1043
90 google.com.br 2.229822 1.876 1.9157819999999999 1126.20592472 1012
91 google.com.br 3.057282 2.772 2.844765 2045.96786627 1938
92 google.com.br 1.8303049999999998 1.6 1.613636 837.4353588939999 720
93 google.com.br 1.756357 1.47 1.525578 749.598369851 656
94 google.de 2.120708 1.9 1.8902439999999998 1116.43387333 1010
95 google.de 1.870841 1.6219999999999999 1.604745 883.4666978289999 782
96 google.de 2.076543 1.824 1.8256720000000002 1022.301998 907
97 google.de 1.844416 1.619 1.640816 903.2437566919999 839
98 google.de 1.8782279999999998 1.6269999999999998 1.623325 879.4215174880001 794
99 google.com.hk 2.299889 2.0269999999999997 2.072962 1262.13293118 1120
100 google.com.hk 1.819468 1.536 1.559569 880.066094222 820
101 google.com.hk 1.8036130000000001 1.581 1.532468 885.309430506 818
102 google.com.hk 1.798702 1.588 1.5649620000000002 820.367361062 707
103 google.com.hk 1.954132 1.6880000000000002 1.591467 835.582335878 846
104 google.fr 2.2351240000000003 2.0269999999999997 2.006249 1295.4228654 1133
105 google.fr 1.974132 1.7530000000000001 1.6764700000000001 947.662763305 868
106 google.fr 2.3705 2.115 2.119488 1375.28660054 1296
107 google.fr 1.9297549999999999 1.662 1.6808319999999999 918.011635879 852
108 google.fr 1.926786 1.675 1.6258139999999999 927.2126219419999 788
109 bing.com 0.6666310000000001 3.035 3.15902 2328.48379648 2258
110 bing.com 0.546849 3.0589999999999997 3.118738 2294.93920021 2169
111 bing.com 0.5185850000000001 2.7560000000000002 2.9607080000000003 2099.40883078 2087
112 bing.com 0.444779 2.8710000000000004 3.0127770000000003 2115.64993686 2034
113 bing.com 0.5222180000000001 2.967 3.170168 2262.19967683 2276
114 ebay.com 4.325243 6.39 5.126558 3634.39180044 2465
115 ebay.com 2.973881 6.37 3.758693 3363.28100989 2154
116 ebay.com 3.370367 6.05 4.115076999999999 3492.31686851 2311
117 ebay.com 3.653781 5.966 4.3417580000000005 3707.53656392 2826
118 ebay.com 3.445725 5.69 4.211839 3390.52426735 2509
119 wikia.com 3.57706 3.032 3.5834660000000005 1740.71496919 2794
120 wikia.com 2.821781 1.839 2.687616 1073.98909674 1645
121 wikia.com 3.4909510000000004 2.069 3.091052 1363.67075929 1789
122 wikia.com 2.7677549999999997 1.899 2.711137 1046.55145766 1494
123 wikia.com 3.3720449999999995 1.817 2.875778 1163.6543070999999 1577
124 ok.ru 4.841101999999999 4.758 5.254582 2819.56131887 3084
125 ok.ru 3.590596 3.98 4.418287 2151.11150445 2380
126 ok.ru 3.1966810000000003 3.636 4.273139 1824.34702466 2141
127 ok.ru 3.301801 3.718 4.345917 1869.64761229 2179
128 ok.ru 3.315446 3.714 4.371792 1874.24025185 2232
129 t.co 0.9769209999999999 1.168 1.001632 739.864769479 940
130 t.co 0.732454 0.693 0.7672479999999999 463.18586785 691
131 t.co 0.751321 0.716 0.839944000002 467.30654930699995 798
132 t.co 0.9236479999999999 0.884 0.978432 592.812895792 866
133 t.co 0.704499 0.6629999999999999 0.7547210000010001 423.49313604699995 628
134 imdb.com 5.397124 8.224 5.50415 4969.01526637 3394
135 imdb.com 5.239111 7.997000000000001 5.370211 4937.84000403 3308
136 google.ca 2.151109 1.892 1.8784669999999999 1202.10239401 1117
137 google.ca 2.085657 1.838 1.779595 1058.20247503 959
138 google.ca 2.078277 1.8 1.8379740000000002 1086.94198327 981
139 google.ca 1.868755 1.6130000000000002 1.6107420000000001 862.564162192 752
140 google.ca 1.9020740000000003 1.629 1.6852669999999998 921.675287929 852
141 tumblr.com 3.247343 3.471 3.368265 1735.68575464 1694
142 tumblr.com 3.06699 1.3090000000000002 3.081212 1028.12612496 1391
143 tumblr.com 2.8845509999999996 2.763 2.7123209999999998 899.477480106 1120
144 tumblr.com 2.8710400000000003 1.173 2.933977 955.297368659 1291
145 tumblr.com 3.125492 3.055 3.280013 1303.24623028 1513
146 csdn.net 6.225204 7.864 7.183443 5689.92001507 6157
147 csdn.net 4.5680760000000005 5.2620000000000005 5.465069000000001 3839.67469532 4315
148 csdn.net 4.611675 3.366 4.688073 2221.80097867 2588
149 csdn.net 4.195569 3.605 4.28939 2535.87870073 3062
150 csdn.net 3.360237 2.906 3.4485669999999997 1816.98262447 2263
151 pages.tmall.com 1.652378 1.694 1.7295909999999999 935.9587629360001 1109
152 pages.tmall.com 3.079525 3.12 3.1054 2270.57838283 2477
153 mail.ru 4.439771 11.14 7.909997 5044.73861978 2449
154 google.it 2.4442169999999996 2.164 2.097285 1294.38886911 1221
155 google.it 1.993454 1.6880000000000002 1.701598 931.522171186 812
156 google.it 2.002138 1.71 1.6599689999999998 903.356076405 815
157 google.it 1.8279509999999999 1.5859999999999999 1.58954 916.388431641 841
158 google.it 2.1235009999999996 1.849 1.8822880000000002 967.808785208 892
159 google.es 2.186019 1.955 1.945195 1186.77726136 1070
160 google.es 2.0303009999999997 1.7619999999999998 1.7852380000099999 978.1638292189999 846
161 google.es 1.8769209999999998 1.599 1.641989 896.0611211739999 748
162 google.es 1.896366 1.671 1.6522459999999999 878.728291268 785
163 google.es 1.7661930000000001 1.507 1.525009 778.758939131 757
164 popads.net 2.7836849999999997 2.356 2.648462 2004.68259612 2178
165 popads.net 1.6620580000000003 1.382 1.659358 1123.59450266 1272
166 popads.net 2.06288 1.5430000000000001 1.9247490000000003 1332.48409839 1557
167 popads.net 2.108412 1.732 2.103964 1489.47226241 1671
168 popads.net 1.7533029999999998 1.369 1.6759099999999998 1146.72417632 1336
169 google.com.mx 2.11236 1.8730000000000002 1.859589 1163.14296172 1076
170 google.com.mx 1.9505270000000001 1.7169999999999999 1.698545 908.079768496 899
171 google.com.mx 2.0344330000000004 1.744 1.6816939999999998 912.367251135 814
172 google.com.mx 2.770892 2.457 2.3305540000000002 1630.02201239 1565
173 google.com.mx 1.857482 1.6059999999999999 1.567952 887.763449626 819
174 msn.com 2.363953 2.608 3.017429 1161.09487584 1605
175 msn.com 2.2122889999999997 2.458 2.95587 1068.348294 1498
176 msn.com 1.879345 2.102 2.7810580000000003 827.0541579339999 1391
177 msn.com 1.9201650000000001 2.099 2.607699 876.7625760489999 1233
178 msn.com 2.071691 2.318 2.74282 870.967418143 1237
179 amazon.co.jp 5.585651 8.359 7.483755 6104.05150658 3674
180 amazon.co.jp 4.396993 6.515 5.619498 4476.88996863 2317
181 amazon.co.jp 4.262254 6.045 5.2356620000000005 4165.12560804 1784
182 amazon.co.jp 3.570239 6.165 6.34769 4336.85534555 1747
183 wordpress.com 2.699116 2.372 3.62120699999 1402.52709882 1943
184 wordpress.com 1.934103 1.766 2.8828419999999997 874.744408658 1141
185 wordpress.com 1.84644 1.6569999999999998 2.883671 875.4373523080001 1140
186 wordpress.com 1.9646400000000002 1.7830000000000001 3.033811 985.624003751 1271
187 wordpress.com 1.830611 1.7269999999999999 2.921597 931.1740973269999 1173
188 google.com.tw 2.3288849999999996 2.147 2.056234 1386.96602151 1272
189 google.com.tw 1.973295 1.715 1.713716 962.3273183069999 873
190 google.com.tw 1.9069939999999999 1.653 1.6158299999999999 872.750766317 817
191 google.com.tw 2.292259 2.009 2.01059 1291.12143904 1220
192 google.com.tw 1.873011 1.614 1.651066 834.7674135569999 827
193 deloton.com 1.6120450000000002 1.2990000000000002 1.267423 1070.78978796 1101
194 deloton.com 0.8500909999999999 0.539 0.6790900000040001 467.89353734599996 502
195 deloton.com 0.938174 0.5479999999999999 0.705184 468.182725655 546
196 deloton.com 0.839101 0.5579999999999999 0.702973999999 475.239832102 523
197 deloton.com 1.021449 0.6759999999999999 0.861625 598.37739362 652
198 linkedin.com 1.7220369999999998 1.896 3.138593 1360.42727894 1624
199 linkedin.com 1.5432489999999999 1.709 2.5311169999999996 1133.42755001 1510
200 linkedin.com 1.211711 1.307 2.104661 850.819880798 1139
201 linkedin.com 1.265729 1.415 2.221389 959.5343929710001 1231
202 linkedin.com 1.2486 1.392 2.192365 973.6308466710001 1118
203 google.com.tr 2.1011599999999997 1.875 1.886165 1169.24652242 1042
204 google.com.tr 1.8716959999999998 1.5730000000000002 1.605112 889.632262196 782
205 google.com.tr 1.728523 1.485 1.501952 800.740764927 676
206 google.com.tr 1.650581 1.449 1.4602680000000001 698.801517052 587
207 google.com.tr 1.751455 1.538 1.5501969999999998 808.655525416 702
208 blogspot.com 2.9405200000000002 4.717 5.11129 3371.77656854 4925
209 blogspot.com 2.8845110000000003 4.6610000000000005 5.079434 3307.02264115 4882
210 whatsapp.com 3.0161290000000003 2.7439999999999998 3.893249 1847.92489954 2315
211 whatsapp.com 4.308822 3.8810000000000002 5.201459 2853.33693174 3334
212 whatsapp.com 2.991071 2.645 3.804696 1695.40108294 2080
213 whatsapp.com 2.555428 2.207 3.452118 1371.14892542 1729
214 whatsapp.com 2.436705 2.106 3.2475169999999998 1293.75319333 1720
215 google.com.au 2.2713349999999997 2.073 2.025952 1256.96696466 1142
216 google.com.au 2.095284 1.8159999999999998 1.691923 952.590843954 890
217 google.com.au 1.999944 1.719 1.746837 910.136631865 838
218 google.com.au 1.790068 1.536 1.555517 837.9282432939999 797
219 google.com.au 2.099856 1.819 1.752052 1010.49213691 950
220 tribunnews.com 13.764361 8.298 13.81686 5036.36667585 4919
221 soso.com 7.798075999999999 7.306 7.509183 5538.06665224 6101
222 soso.com 6.016801 4.928 6.097707 3754.73119418 4245
223 soso.com 5.9164010000000005 5.146 5.988348 4189.5506684 4358
224 soso.com 5.275571 4.718999999999999 5.334445 3938.02990856 3920
225 soso.com 5.4154599999999995 4.303 5.478822 3224.64382312 3841
226 github.com 2.829813 2.336 2.812881 1267.23847639 1969
227 github.com 2.697947 2.497 1.989568 1560.96842641 1403
228 github.com 2.616212 2.485 2.113507 1664.34706864 1532
229 github.com 2.6848229999999997 2.49 1.8272669999999998 1571.87687104 1343
230 github.com 2.646338 2.449 2.061 1572.33773872 1435
231 diply.com 0.774943 0.961 0.866130000003 614.553136428 853
232 diply.com 0.160107 0.29100000000000004 0.30852199999999996 163.320142429 290
233 diply.com 0.288798 0.408 0.383593999997 240.204676393 362
234 diply.com 0.186091 0.299 0.304250999995 175.33441467 287
235 diply.com 0.320126 0.424 0.42884400000399997 270.355409818 411
236 google.pl 2.24415 2.0380000000000003 2.026965 1292.11132236 1179
237 google.pl 2.18391 1.905 1.883291 1091.63873993 1022
238 google.pl 2.285098 2.006 2.043059 1124.09525295 940
239 google.pl 2.246507 1.98 1.9541130000000002 1129.51092413 975
240 google.pl 1.885937 1.614 1.618755 895.733837927 770
241 pinterest.com 5.185175 5.9639999999999995 7.450511 3378.2119921 3043
242 pinterest.com 4.350423999999999 5.146 6.126171 2711.46589975 2539
243 pinterest.com 4.352778 5.032 6.538241999999999 2765.59481117 2604
244 pinterest.com 4.661879 5.263999999999999 6.831875 2886.76365518 2716
245 pinterest.com 4.082292 5.255 6.153430999999999 2618.56969036 2407
246 fbcdn.net 6.076046 6.007000000000001 6.943733 3548.25707816 3011
247 fbcdn.net 5.029986 3.917 5.824349000009999 2763.86806474 2699
248 fbcdn.net 5.041462 3.92 5.8799339999999995 2799.39866451 2667
249 fbcdn.net 4.747934 3.4560000000000004 5.508874 2468.28147378 2308
250 fbcdn.net 4.597226999999999 3.427 5.418261 2435.99133938 2253
251 amazon.de 2.730539 3.145 3.3891489999999997 2262.49508481 1750
252 amazon.de 2.1905069999999998 2.411 2.596873 1699.77255943 1274
253 amazon.de 2.22044 2.4859999999999998 2.685571 1709.58297824 1315
254 amazon.de 2.485835 2.657 2.862487 1885.2003048000001 1485
255 amazon.de 2.350884 2.61 2.8161389999999997 1808.68718214 1363
256 detail.tmall.com 4.014743 4.047 3.49045500001 2551.52395702 2882
257 detail.tmall.com 3.8514559999999998 3.8789999999999996 3.299174 2513.57379654 2663
258 detail.tmall.com 3.873069 3.909 3.276149 2468.20489475 2649
259 detail.tmall.com 3.322603 3.363 3.056058 2245.22318169 2445
260 google.co.id 2.582353 2.346 2.286712 1529.58092907 1410
261 google.co.id 2.042594 1.795 1.768933 899.161552929 741
262 google.co.id 1.86592 1.5959999999999999 1.596064 866.643180004 770
263 google.co.id 2.021805 1.787 1.803669 1012.16966181 934
264 google.co.id 1.940821 1.682 1.687229 969.5807438830001 818
265 gmw.cn 30.198829999999997 27.967 30.468166999999998 5905.38093876 4234
266 gmw.cn 6.119244999999999 5.809 6.679191 3298.77635638 3137
267 adobe.com 2.994137 5.308 5.594018000009999 2461.55121762 5022
268 adobe.com 2.876066 4.652 4.882746 2234.84616472 4454
269 adobe.com 2.369062 4.303999999999999 4.538914 1882.4843561 4069
270 adobe.com 2.249664 4.0889999999999995 4.277337 1789.93842225 3863
271 adobe.com 3.1269880000000003 4.882 5.074091 2639.87379983 4708
272 ntd.tv 1.445028 1.7719999999999998 1.4212850000000001 1248.51575238 1387
273 ntd.tv 0.791641 0.77 0.873088999994 643.346485054 841
274 ntd.tv 1.115748 1.072 1.1866780000000001 918.472400207 1149
275 ntd.tv 0.905682 0.815 0.9426419999969999 711.810184506 899
276 ntd.tv 0.9322389999999999 0.865 0.988189000003 740.292119642 969
277 amazon.in 3.226095 3.6519999999999997 6.37942 2232.50492568 1982
278 amazon.in 2.1468830000000003 2.329 5.023446 1679.72121258 1278
279 amazon.in 2.2722689999999997 2.485 5.168639 1751.34218955 1363
280 amazon.in 2.151121 2.294 5.083607 1669.66836728 1297
281 amazon.in 2.219693 2.376 5.054453 1746.49423528 1384
282 quora.com 0.7309640000000001 1.2 0.8358469999950001 752.120386655 825
283 quora.com 0.505919 0.43200000000000005 0.730842 399.182654492 720
284 quora.com 0.414968 0.373 0.506144000001 347.770202243 492
285 quora.com 0.4829 0.41600000000000004 0.5939089999939999 389.253927756 582
286 quora.com 0.910957 0.797 1.042214 589.1834912 1017
