 app expId t_click TDT AFT Last_Visual_Change flow t_start t_end KB critical
0 com.cnn.mobile.android.phone 1 8.43999981880188 12.38 11.113999876022339 17.42199987602234 config.outturner.com:58478 0.0 0.308 1.242 False
1 com.cnn.mobile.android.phone 1 8.43999981880188 12.38 11.113999876022339 17.42199987602234 onesignal.com:56703 0.829177 1.3801770000000002 21.954 False
2 com.cnn.mobile.android.phone 1 8.43999981880188 12.38 11.113999876022339 17.42199987602234 codepush.azurewebsites.net:36464 1.042757 1.8217569999999998 1.532 False
3 com.cnn.mobile.android.phone 1 8.43999981880188 12.38 11.113999876022339 17.42199987602234 config.outturner.com:58478 1.1064289999999999 1.1074289999999998 4.902 False
4 com.cnn.mobile.android.phone 1 8.43999981880188 12.38 11.113999876022339 17.42199987602234 geolocation.onetrust.com:41903 1.3540670000000001 1.5980670000000001 0.588 False
5 com.cnn.mobile.android.phone 1 8.43999981880188 12.38 11.113999876022339 17.42199987602234 android.clients.google.com:59014 1.5557590000000001 1.854759 1.352 False
6 com.cnn.mobile.android.phone 1 8.43999981880188 12.38 11.113999876022339 17.42199987602234 privacyportal-eu-cdn.onetrust.com:50345 1.688 1.939 2.621 False
7 com.cnn.mobile.android.phone 1 8.43999981880188 12.38 11.113999876022339 17.42199987602234 vendorlist.consensu.org:36439 1.992819 2.272819 14.752 False
8 com.cnn.mobile.android.phone 1 8.43999981880188 12.38 11.113999876022339 17.42199987602234 mobile.eum-appdynamics.com:40428 2.747792 2.979792 0.0 False
9 com.cnn.mobile.android.phone 1 8.43999981880188 12.38 11.113999876022339 17.42199987602234 z.moatads.com:48165 3.076293 3.206293 0.0 False
10 com.cnn.mobile.android.phone 1 8.43999981880188 12.38 11.113999876022339 17.42199987602234 z.moatads.com:36427 3.208373 3.3553729999999997 0.0 False
11 com.cnn.mobile.android.phone 1 8.43999981880188 12.38 11.113999876022339 17.42199987602234 kvinit-prod.api.kochava.com:37958 3.271743 3.491743 1.438 False
12 com.cnn.mobile.android.phone 1 8.43999981880188 12.38 11.113999876022339 17.42199987602234 z.moatads.com:47872 3.357331 3.5233309999999998 0.0 False
13 com.cnn.mobile.android.phone 1 8.43999981880188 12.38 11.113999876022339 17.42199987602234 z.cdn.turner.com:47237 3.507111 3.810111 0.0 False
14 com.cnn.mobile.android.phone 1 8.43999981880188 12.38 11.113999876022339 17.42199987602234 cdn.krxd.net:58197 3.518594 4.075594000000001 3.757 False
15 com.cnn.mobile.android.phone 1 8.43999981880188 12.38 11.113999876022339 17.42199987602234 cvp1.cdn.turner.com:44716 3.541832 3.8258319999999997 1.552 False
16 com.cnn.mobile.android.phone 1 8.43999981880188 12.38 11.113999876022339 17.42199987602234 data.cnn.com:48251 3.88537 4.17037 0.794 False
17 com.cnn.mobile.android.phone 1 8.43999981880188 12.38 11.113999876022339 17.42199987602234 aspen.turner.com.../api/hello 3.9921019077301025 4.1504669189453125 0.001477 False
18 com.cnn.mobile.android.phone 1 8.43999981880188 12.38 11.113999876022339 17.42199987602234 cerebro.api.cnn.io:48849 4.234829 5.212829 91.81 True
19 com.cnn.mobile.android.phone 1 8.43999981880188 12.38 11.113999876022339 17.42199987602234 cerebro.api.cnn.io:44238 4.234944 4.5139439999999995 0.185 True
20 com.cnn.mobile.android.phone 1 8.43999981880188 12.38 11.113999876022339 17.42199987602234 metrics.cnn.com.../s62524877 4.312285900115967 18.65160894393921 0.002038 False
21 com.cnn.mobile.android.phone 1 8.43999981880188 12.38 11.113999876022339 17.42199987602234 sp.auth.adobe.com:56013 4.313346 4.950346 0.264 False
22 com.cnn.mobile.android.phone 1 8.43999981880188 12.38 11.113999876022339 17.42199987602234 control.kochava.com:53317 4.319106 4.610106 3.381 False
23 com.cnn.mobile.android.phone 1 8.43999981880188 12.38 11.113999876022339 17.42199987602234 dynaimage.cdn.turner.com:33619 5.151515 5.530514999999999 45.111 True
24 com.cnn.mobile.android.phone 1 8.43999981880188 12.38 11.113999876022339 17.42199987602234 dynaimage.cdn.turner.com:46209 5.151555 5.548555 20.061 True
25 com.cnn.mobile.android.phone 1 8.43999981880188 12.38 11.113999876022339 17.42199987602234 dynaimage.cdn.turner.com:43193 5.151706 5.740705999999999 179.361 True
26 com.cnn.mobile.android.phone 1 8.43999981880188 12.38 11.113999876022339 17.42199987602234 dynaimage.cdn.turner.com:44682 5.152846 5.578846 38.842 True
27 com.cnn.mobile.android.phone 1 8.43999981880188 12.38 11.113999876022339 17.42199987602234 dynaimage.cdn.turner.com:60554 5.167414 5.652414 69.415 True
28 com.cnn.mobile.android.phone 1 8.43999981880188 12.38 11.113999876022339 17.42199987602234 sp.auth.adobe.com:56013 5.256098 5.543098 19.555 False
29 com.cnn.mobile.android.phone 1 8.43999981880188 12.38 11.113999876022339 17.42199987602234 googleads.g.doubleclick.net:52302 6.058427 6.790427 97.801 False
30 com.cnn.mobile.android.phone 1 8.43999981880188 12.38 11.113999876022339 17.42199987602234 googleads.g.doubleclick.net:52303 6.492995 7.128995 96.996 False
31 com.cnn.mobile.android.phone 1 8.43999981880188 12.38 11.113999876022339 17.42199987602234 googleads.g.doubleclick.net:52304 6.493316 7.160316 97.919 False
32 com.cnn.mobile.android.phone 1 8.43999981880188 12.38 11.113999876022339 17.42199987602234 onesignal.com:37138 6.921978 7.236978000000001 1.394 False
33 com.cnn.mobile.android.phone 1 8.43999981880188 12.38 11.113999876022339 17.42199987602234 googleads.g.doubleclick.net:52305 6.926372 7.080372 0.0 False
34 com.cnn.mobile.android.phone 1 8.43999981880188 12.38 11.113999876022339 17.42199987602234 pubads.g.doubleclick.net:58839 7.694003 7.9150030000000005 4.689 False
35 com.cnn.mobile.android.phone 1 8.43999981880188 12.38 11.113999876022339 17.42199987602234 pubads.g.doubleclick.net:58839 8.200693 8.220692999999999 19.863 False
36 com.cnn.mobile.android.phone 1 8.43999981880188 12.38 11.113999876022339 17.42199987602234 tpc.googlesyndication.com:46003 8.668163 8.983163 14.884 False
37 com.cnn.mobile.android.phone 1 8.43999981880188 12.38 11.113999876022339 17.42199987602234 tpc.googlesyndication.com:46004 8.6685 8.9755 5.111 False
38 com.cnn.mobile.android.phone 1 8.43999981880188 12.38 11.113999876022339 17.42199987602234 tpc.googlesyndication.com:46005 8.668862 9.070862 30.193 False
39 com.cnn.mobile.android.phone 1 8.43999981880188 12.38 11.113999876022339 17.42199987602234 tpc.googlesyndication.com:46006 8.669189 9.071188999999999 26.461 False
40 com.cnn.mobile.android.phone 1 8.43999981880188 12.38 11.113999876022339 17.42199987602234 tpc.googlesyndication.com:46007 8.66948 8.99848 12.88 False
41 com.cnn.mobile.android.phone 1 8.43999981880188 12.38 11.113999876022339 17.42199987602234 pubads.g.doubleclick.net:48692 9.206242 9.445242 2.511 False
42 com.cnn.mobile.android.phone 1 8.43999981880188 12.38 11.113999876022339 17.42199987602234 cerebro.api.cnn.io:48849 9.791918 9.989918000000001 0.274 True
43 com.cnn.mobile.android.phone 1 8.43999981880188 12.38 11.113999876022339 17.42199987602234 dynaimage.cdn.turner.com:43193 10.767685 10.824685 23.107 True
44 com.cnn.mobile.android.phone 1 8.43999981880188 12.38 11.113999876022339 17.42199987602234 aax-eu.amazon-adsystem.com:50183 11.462358 11.766358 1.655 False
45 com.cnn.mobile.android.phone 1 8.43999981880188 12.38 11.113999876022339 17.42199987602234 dynaimage.cdn.turner.com:43193 11.4858 11.5968 43.243 True
46 com.cnn.mobile.android.phone 1 8.43999981880188 12.38 11.113999876022339 17.42199987602234 pubads.g.doubleclick.net:58839 11.885376 11.885376 4.918 False
47 com.cnn.mobile.android.phone 1 8.43999981880188 12.38 11.113999876022339 17.42199987602234 pubads.g.doubleclick.net:58839 12.370709 12.386709 20.829 False
48 com.cnn.mobile.android.phone 1 8.43999981880188 12.38 11.113999876022339 17.42199987602234 sb.voicefive.com:45444 12.85793 13.40893 0.0 False
49 com.cnn.mobile.android.phone 1 8.43999981880188 12.38 11.113999876022339 17.42199987602234 control.kochava.com:53317 13.968242 14.110242 1.525 False
50 com.cnn.mobile.android.phone 2 9.639999866485596 13.012 12.131999923706054 18.479999923706053 config.outturner.com:36273 0.0 0.286 1.007 False
51 com.cnn.mobile.android.phone 2 9.639999866485596 13.012 12.131999923706054 18.479999923706053 cerebro.api.cnn.io:45227 0.458974 0.723974 5.471 True
52 com.cnn.mobile.android.phone 2 9.639999866485596 13.012 12.131999923706054 18.479999923706053 onesignal.com:37477 0.951835 1.4988350000000001 21.954 False
53 com.cnn.mobile.android.phone 2 9.639999866485596 13.012 12.131999923706054 18.479999923706053 geolocation.onetrust.com:38145 1.207885 1.4608850000000002 0.588 False
54 com.cnn.mobile.android.phone 2 9.639999866485596 13.012 12.131999923706054 18.479999923706053 codepush.azurewebsites.net:34221 1.221312 1.2603119999999999 0.0 False
55 com.cnn.mobile.android.phone 2 9.639999866485596 13.012 12.131999923706054 18.479999923706053 privacyportal-eu-cdn.onetrust.com:56786 1.488102 1.696102 2.621 False
56 com.cnn.mobile.android.phone 2 9.639999866485596 13.012 12.131999923706054 18.479999923706053 codepush.azurewebsites.net:34221 1.82999 2.01699 1.532 False
57 com.cnn.mobile.android.phone 2 9.639999866485596 13.012 12.131999923706054 18.479999923706053 mobile.eum-appdynamics.com:33210 2.0229 2.2269 0.0 False
58 com.cnn.mobile.android.phone 2 9.639999866485596 13.012 12.131999923706054 18.479999923706053 z.moatads.com:33554 2.162263 2.318263 0.0 False
59 com.cnn.mobile.android.phone 2 9.639999866485596 13.012 12.131999923706054 18.479999923706053 z.moatads.com:45196 2.320406 2.4644060000000003 0.0 False
60 com.cnn.mobile.android.phone 2 9.639999866485596 13.012 12.131999923706054 18.479999923706053 z.moatads.com:44062 2.465934 2.626934 0.0 False
61 com.cnn.mobile.android.phone 2 9.639999866485596 13.012 12.131999923706054 18.479999923706053 cdn.krxd.net:52994 2.534305 2.9193049999999996 3.754 False
62 com.cnn.mobile.android.phone 2 9.639999866485596 13.012 12.131999923706054 18.479999923706053 z.cdn.turner.com:38901 2.548321 2.839321 0.0 False
63 com.cnn.mobile.android.phone 2 9.639999866485596 13.012 12.131999923706054 18.479999923706053 cvp1.cdn.turner.com:34747 2.5730399999999998 2.78104 1.551 False
64 com.cnn.mobile.android.phone 2 9.639999866485596 13.012 12.131999923706054 18.479999923706053 data.cnn.com:53763 2.866441 3.118441 0.794 False
65 com.cnn.mobile.android.phone 2 9.639999866485596 13.012 12.131999923706054 18.479999923706053 aspen.turner.com.../api/hello 3.5268187522888184 3.6968157291412354 0.001477 False
66 com.cnn.mobile.android.phone 2 9.639999866485596 13.012 12.131999923706054 18.479999923706053 cerebro.api.cnn.io:45227 2.946579 3.0405789999999997 30.183 True
67 com.cnn.mobile.android.phone 2 9.639999866485596 13.012 12.131999923706054 18.479999923706053 metrics.cnn.com.../s52588833 3.8729088306427 18.54162883758545 0.001999 False
68 com.cnn.mobile.android.phone 2 9.639999866485596 13.012 12.131999923706054 18.479999923706053 cerebro.api.cnn.io:45227 3.428664 3.7206639999999997 53.954 True
69 com.cnn.mobile.android.phone 2 9.639999866485596 13.012 12.131999923706054 18.479999923706053 sp.auth.adobe.com:51061 3.451368 4.076368 0.264 False
70 com.cnn.mobile.android.phone 2 9.639999866485596 13.012 12.131999923706054 18.479999923706053 dynaimage.cdn.turner.com:47611 3.989496 4.268496 20.06 True
71 com.cnn.mobile.android.phone 2 9.639999866485596 13.012 12.131999923706054 18.479999923706053 dynaimage.cdn.turner.com:50262 3.989696 4.548696 219.344 True
72 com.cnn.mobile.android.phone 2 9.639999866485596 13.012 12.131999923706054 18.479999923706053 dynaimage.cdn.turner.com:52065 3.990351 4.385351 45.109 True
73 com.cnn.mobile.android.phone 2 9.639999866485596 13.012 12.131999923706054 18.479999923706053 dynaimage.cdn.turner.com:54018 3.990611 4.358611 29.394 True
74 com.cnn.mobile.android.phone 2 9.639999866485596 13.012 12.131999923706054 18.479999923706053 dynaimage.cdn.turner.com:49448 3.991336 4.368336 38.876 True
75 com.cnn.mobile.android.phone 2 9.639999866485596 13.012 12.131999923706054 18.479999923706053 googleads.g.doubleclick.net:52317 4.305178 4.840178 95.66 False
76 com.cnn.mobile.android.phone 2 9.639999866485596 13.012 12.131999923706054 18.479999923706053 cerebro.api.cnn.io:45227 4.3614180000000005 4.368418 6.966 True
77 com.cnn.mobile.android.phone 2 9.639999866485596 13.012 12.131999923706054 18.479999923706053 sp.auth.adobe.com:51061 4.386985 4.555985 19.555 False
78 com.cnn.mobile.android.phone 2 9.639999866485596 13.012 12.131999923706054 18.479999923706053 googleads.g.doubleclick.net:52317 5.123376 5.214376000000001 2.141 False
79 com.cnn.mobile.android.phone 2 9.639999866485596 13.012 12.131999923706054 18.479999923706053 tpc.googlesyndication.com:46015 5.334561 5.788561 12.879 False
80 com.cnn.mobile.android.phone 2 9.639999866485596 13.012 12.131999923706054 18.479999923706053 tpc.googlesyndication.com:46016 5.334872 5.7568719999999995 14.883 False
81 com.cnn.mobile.android.phone 2 9.639999866485596 13.012 12.131999923706054 18.479999923706053 tpc.googlesyndication.com:46017 5.335158 5.779158 5.11 False
82 com.cnn.mobile.android.phone 2 9.639999866485596 13.012 12.131999923706054 18.479999923706053 tpc.googlesyndication.com:46018 5.335439 5.838439 22.403 False
83 com.cnn.mobile.android.phone 2 9.639999866485596 13.012 12.131999923706054 18.479999923706053 tpc.googlesyndication.com:46019 5.33572 5.92572 26.459 False
84 com.cnn.mobile.android.phone 2 9.639999866485596 13.012 12.131999923706054 18.479999923706053 control.kochava.com:55015 5.66589 5.9488900000000005 2.524 False
85 com.cnn.mobile.android.phone 2 9.639999866485596 13.012 12.131999923706054 18.479999923706053 pubads.g.doubleclick.net:48704 6.03832 6.36632 2.51 False
86 com.cnn.mobile.android.phone 2 9.639999866485596 13.012 12.131999923706054 18.479999923706053 sb.voicefive.com:51651 6.856954 7.078954 0.0 False
87 com.cnn.mobile.android.phone 2 9.639999866485596 13.012 12.131999923706054 18.479999923706053 onesignal.com:37477 7.623965 7.788965 1.394 False
88 com.cnn.mobile.android.phone 2 9.639999866485596 13.012 12.131999923706054 18.479999923706053 cerebro.api.cnn.io:45227 10.021481 10.021481 0.116 True
89 com.cnn.mobile.android.phone 2 9.639999866485596 13.012 12.131999923706054 18.479999923706053 cerebro.api.cnn.io:45227 10.279315 10.459315 40.99 True
90 com.cnn.mobile.android.phone 2 9.639999866485596 13.012 12.131999923706054 18.479999923706053 dynaimage.cdn.turner.com:50262 10.73152 10.90952 23.106 True
91 com.cnn.mobile.android.phone 2 9.639999866485596 13.012 12.131999923706054 18.479999923706053 aax-eu.amazon-adsystem.com:57124 11.743869 12.058869 1.655 False
92 com.cnn.mobile.android.phone 2 9.639999866485596 13.012 12.131999923706054 18.479999923706053 dynaimage.cdn.turner.com:50262 11.767934 11.899934 43.218 True
93 com.cnn.mobile.android.phone 2 9.639999866485596 13.012 12.131999923706054 18.479999923706053 tpc.googlesyndication.com:46019 12.886361 13.048361000000002 30.194 False
94 com.cnn.mobile.android.phone 2 9.639999866485596 13.012 12.131999923706054 18.479999923706053 sb.voicefive.com:42207 14.014767 14.238767000000001 0.0 False
95 com.cnn.mobile.android.phone 2 9.639999866485596 13.012 12.131999923706054 18.479999923706053 control.kochava.com:55015 14.204533 14.278533 1.525 False
96 com.cnn.mobile.android.phone 3 9.339999914169312 12.662 11.642 17.838 config.outturner.com:53950 0.0 0.388 1.007 False
97 com.cnn.mobile.android.phone 3 9.339999914169312 12.662 11.642 17.838 cerebro.api.cnn.io:57651 0.536885 0.7668849999999999 5.47 True
98 com.cnn.mobile.android.phone 3 9.339999914169312 12.662 11.642 17.838 onesignal.com:49680 0.971336 1.272336 21.954 False
99 com.cnn.mobile.android.phone 3 9.339999914169312 12.662 11.642 17.838 geolocation.onetrust.com:53491 1.009469 1.241469 0.588 False
100 com.cnn.mobile.android.phone 3 9.339999914169312 12.662 11.642 17.838 codepush.azurewebsites.net:58406 1.049368 1.882368 1.556 False
101 com.cnn.mobile.android.phone 3 9.339999914169312 12.662 11.642 17.838 privacyportal-eu-cdn.onetrust.com:49046 1.261486 1.511486 2.621 False
102 com.cnn.mobile.android.phone 3 9.339999914169312 12.662 11.642 17.838 mobile.eum-appdynamics.com:40052 1.8419560000000001 2.2759560000000003 0.0 False
103 com.cnn.mobile.android.phone 3 9.339999914169312 12.662 11.642 17.838 z.moatads.com:55208 1.956904 2.242904 0.0 False
104 com.cnn.mobile.android.phone 3 9.339999914169312 12.662 11.642 17.838 z.moatads.com:44255 2.246369 2.405369 0.0 False
105 com.cnn.mobile.android.phone 3 9.339999914169312 12.662 11.642 17.838 cdn.krxd.net:57232 2.263102 2.702102 3.755 False
106 com.cnn.mobile.android.phone 3 9.339999914169312 12.662 11.642 17.838 kvinit-prod.api.kochava.com:44995 2.26862 2.4956199999999997 1.438 False
107 com.cnn.mobile.android.phone 3 9.339999914169312 12.662 11.642 17.838 z.moatads.com:42534 2.407131 2.5591310000000003 0.0 False
108 com.cnn.mobile.android.phone 3 9.339999914169312 12.662 11.642 17.838 z.cdn.turner.com:33649 2.407251 2.731251 0.0 False
109 com.cnn.mobile.android.phone 3 9.339999914169312 12.662 11.642 17.838 cvp1.cdn.turner.com:41928 2.431164 2.672164 1.552 False
110 com.cnn.mobile.android.phone 3 9.339999914169312 12.662 11.642 17.838 data.cnn.com:44188 2.746007 3.032007 0.794 False
111 com.cnn.mobile.android.phone 3 9.339999914169312 12.662 11.642 17.838 aspen.turner.com.../api/hello 3.208650827407837 3.3814897537231445 0.001477 False
112 com.cnn.mobile.android.phone 3 9.339999914169312 12.662 11.642 17.838 cerebro.api.cnn.io:57651 3.11544 3.77244 91.022 True
113 com.cnn.mobile.android.phone 3 9.339999914169312 12.662 11.642 17.838 metrics.cnn.com.../s80617757 3.53497576713562 3.6191277503967285 0.0014479999999999999 False
114 com.cnn.mobile.android.phone 3 9.339999914169312 12.662 11.642 17.838 sp.auth.adobe.com:33537 3.3132260000000002 3.9622260000000002 0.264 False
115 com.cnn.mobile.android.phone 3 9.339999914169312 12.662 11.642 17.838 control.kochava.com:39796 3.4250030000000002 3.7220030000000004 2.524 False
116 com.cnn.mobile.android.phone 3 9.339999914169312 12.662 11.642 17.838 dynaimage.cdn.turner.com:47434 3.994892 4.314892 38.843 True
117 com.cnn.mobile.android.phone 3 9.339999914169312 12.662 11.642 17.838 dynaimage.cdn.turner.com:39495 3.9949149999999998 4.335915 45.11 True
118 com.cnn.mobile.android.phone 3 9.339999914169312 12.662 11.642 17.838 dynaimage.cdn.turner.com:42412 3.994946 4.484946 179.33 True
119 com.cnn.mobile.android.phone 3 9.339999914169312 12.662 11.642 17.838 dynaimage.cdn.turner.com:59371 3.998281 4.303281 20.06 True
120 com.cnn.mobile.android.phone 3 9.339999914169312 12.662 11.642 17.838 dynaimage.cdn.turner.com:47395 3.998648 4.379648 69.406 True
121 com.cnn.mobile.android.phone 3 9.339999914169312 12.662 11.642 17.838 googleads.g.doubleclick.net:52329 4.241278 4.713278000000001 95.66 False
122 com.cnn.mobile.android.phone 3 9.339999914169312 12.662 11.642 17.838 sp.auth.adobe.com:33537 4.304368 4.444368 19.554 False
123 com.cnn.mobile.android.phone 3 9.339999914169312 12.662 11.642 17.838 googleads.g.doubleclick.net:52329 4.978862 5.078862 2.141 False
124 com.cnn.mobile.android.phone 3 9.339999914169312 12.662 11.642 17.838 tpc.googlesyndication.com:46027 5.224658 5.562658 14.884 False
125 com.cnn.mobile.android.phone 3 9.339999914169312 12.662 11.642 17.838 tpc.googlesyndication.com:46028 5.225247 5.572247000000001 12.88 False
126 com.cnn.mobile.android.phone 3 9.339999914169312 12.662 11.642 17.838 tpc.googlesyndication.com:46029 5.231704 5.666703999999999 26.461 False
127 com.cnn.mobile.android.phone 3 9.339999914169312 12.662 11.642 17.838 tpc.googlesyndication.com:46030 5.235691 5.652691 39.323 False
128 com.cnn.mobile.android.phone 3 9.339999914169312 12.662 11.642 17.838 tpc.googlesyndication.com:46031 5.241037 5.562037 5.111 False
129 com.cnn.mobile.android.phone 3 9.339999914169312 12.662 11.642 17.838 pubads.g.doubleclick.net:48716 5.794677 6.052677 2.511 False
130 com.cnn.mobile.android.phone 3 9.339999914169312 12.662 11.642 17.838 sb.voicefive.com:41603 6.7987020000000005 7.001702000000001 0.0 False
131 com.cnn.mobile.android.phone 3 9.339999914169312 12.662 11.642 17.838 onesignal.com:45291 7.421245 7.781245 1.394 False
132 com.cnn.mobile.android.phone 3 9.339999914169312 12.662 11.642 17.838 cerebro.api.cnn.io:57651 10.066633 10.112632999999999 0.244 True
133 com.cnn.mobile.android.phone 3 9.339999914169312 12.662 11.642 17.838 cerebro.api.cnn.io:57651 10.425171 10.472171000000001 0.201 True
134 com.cnn.mobile.android.phone 3 9.339999914169312 12.662 11.642 17.838 dynaimage.cdn.turner.com:42412 10.746407 10.928407 23.106 True
135 com.cnn.mobile.android.phone 3 9.339999914169312 12.662 11.642 17.838 aax-eu.amazon-adsystem.com:40994 11.436485 11.862485 1.655 False
136 com.cnn.mobile.android.phone 3 9.339999914169312 12.662 11.642 17.838 dynaimage.cdn.turner.com:42412 11.45558 11.703579999999999 43.242 True
137 com.cnn.mobile.android.phone 3 9.339999914169312 12.662 11.642 17.838 tpc.googlesyndication.com:46029 12.549218 12.685217999999999 38.694 False
138 com.cnn.mobile.android.phone 3 9.339999914169312 12.662 11.642 17.838 sb.voicefive.com:57330 13.741815 13.948815000000002 0.0 False
139 com.cnn.mobile.android.phone 3 9.339999914169312 12.662 11.642 17.838 control.kochava.com:39796 13.89938 13.998380000000001 1.525 False
140 com.cnn.mobile.android.phone 4 9.199999809265137 14.427 11.532999866485596 17.579999866485593 config.outturner.com:33908 0.323313 0.6973130000000001 1.007 False
141 com.cnn.mobile.android.phone 4 9.199999809265137 14.427 11.532999866485596 17.579999866485593 cerebro.api.cnn.io:37316 0.887015 1.128015 5.471 True
142 com.cnn.mobile.android.phone 4 9.199999809265137 14.427 11.532999866485596 17.579999866485593 onesignal.com:42866 1.148896 1.4918959999999999 21.946 False
143 com.cnn.mobile.android.phone 4 9.199999809265137 14.427 11.532999866485596 17.579999866485593 codepush.azurewebsites.net:36924 1.230767 2.018767 1.532 False
144 com.cnn.mobile.android.phone 4 9.199999809265137 14.427 11.532999866485596 17.579999866485593 geolocation.onetrust.com:47685 1.336801 1.5468009999999999 0.588 False
145 com.cnn.mobile.android.phone 4 9.199999809265137 14.427 11.532999866485596 17.579999866485593 privacyportal-eu-cdn.onetrust.com:59569 1.562732 1.788732 2.621 False
146 com.cnn.mobile.android.phone 4 9.199999809265137 14.427 11.532999866485596 17.579999866485593 mobile.eum-appdynamics.com:56281 2.167642 2.607642 0.0 False
147 com.cnn.mobile.android.phone 4 9.199999809265137 14.427 11.532999866485596 17.579999866485593 z.moatads.com:43354 2.269214 2.527214 0.0 False
148 com.cnn.mobile.android.phone 4 9.199999809265137 14.427 11.532999866485596 17.579999866485593 z.moatads.com:49693 2.5290660000000003 2.6970660000000004 0.0 False
149 com.cnn.mobile.android.phone 4 9.199999809265137 14.427 11.532999866485596 17.579999866485593 kvinit-prod.api.kochava.com:39336 2.564719 2.774719 1.438 False
150 com.cnn.mobile.android.phone 4 9.199999809265137 14.427 11.532999866485596 17.579999866485593 cdn.krxd.net:37769 2.616789 3.0167889999999997 3.756 False
151 com.cnn.mobile.android.phone 4 9.199999809265137 14.427 11.532999866485596 17.579999866485593 z.cdn.turner.com:42896 2.672796 2.992796 0.0 False
152 com.cnn.mobile.android.phone 4 9.199999809265137 14.427 11.532999866485596 17.579999866485593 z.moatads.com:52994 2.699211 2.844211 0.0 False
153 com.cnn.mobile.android.phone 4 9.199999809265137 14.427 11.532999866485596 17.579999866485593 cvp1.cdn.turner.com:38063 2.708977 2.918977 1.552 False
154 com.cnn.mobile.android.phone 4 9.199999809265137 14.427 11.532999866485596 17.579999866485593 data.cnn.com:33892 2.908789 3.196789 0.552 False
155 com.cnn.mobile.android.phone 4 9.199999809265137 14.427 11.532999866485596 17.579999866485593 aspen.turner.com.../api/hello 2.9366538524627686 3.1040139198303223 0.001477 False
156 com.cnn.mobile.android.phone 4 9.199999809265137 14.427 11.532999866485596 17.579999866485593 cerebro.api.cnn.io:37316 3.192014 3.7580139999999997 91.027 True
157 com.cnn.mobile.android.phone 4 9.199999809265137 14.427 11.532999866485596 17.579999866485593 sp.auth.adobe.com:36519 3.335076 3.974076 0.264 False
158 com.cnn.mobile.android.phone 4 9.199999809265137 14.427 11.532999866485596 17.579999866485593 metrics.cnn.com.../s44737019 3.25521183013916 3.44327974319458 0.0014010000000000001 False
159 com.cnn.mobile.android.phone 4 9.199999809265137 14.427 11.532999866485596 17.579999866485593 control.kochava.com:60453 3.476703 3.727703 2.526 False
160 com.cnn.mobile.android.phone 4 9.199999809265137 14.427 11.532999866485596 17.579999866485593 data.cnn.com:33892 3.569028 3.569028 0.242 False
161 com.cnn.mobile.android.phone 4 9.199999809265137 14.427 11.532999866485596 17.579999866485593 dynaimage.cdn.turner.com:34707 3.898861 4.184861 38.843 True
162 com.cnn.mobile.android.phone 4 9.199999809265137 14.427 11.532999866485596 17.579999866485593 dynaimage.cdn.turner.com:33496 3.898884 4.361884 151.976 True
163 com.cnn.mobile.android.phone 4 9.199999809265137 14.427 11.532999866485596 17.579999866485593 dynaimage.cdn.turner.com:52071 3.900067 4.185067 47.421 True
164 com.cnn.mobile.android.phone 4 9.199999809265137 14.427 11.532999866485596 17.579999866485593 dynaimage.cdn.turner.com:50342 3.9001799999999998 4.18418 45.111 True
165 com.cnn.mobile.android.phone 4 9.199999809265137 14.427 11.532999866485596 17.579999866485593 dynaimage.cdn.turner.com:34340 3.954743 4.309743 69.406 True
166 com.cnn.mobile.android.phone 4 9.199999809265137 14.427 11.532999866485596 17.579999866485593 googleads.g.doubleclick.net:52341 4.252453 4.697453 95.66 False
167 com.cnn.mobile.android.phone 4 9.199999809265137 14.427 11.532999866485596 17.579999866485593 sp.auth.adobe.com:36519 4.29913 4.45713 19.554 False
168 com.cnn.mobile.android.phone 4 9.199999809265137 14.427 11.532999866485596 17.579999866485593 tpc.googlesyndication.com:46039 4.715069 5.038069 5.111 False
169 com.cnn.mobile.android.phone 4 9.199999809265137 14.427 11.532999866485596 17.579999866485593 tpc.googlesyndication.com:46040 4.715378 5.037378 12.88 False
170 com.cnn.mobile.android.phone 4 9.199999809265137 14.427 11.532999866485596 17.579999866485593 tpc.googlesyndication.com:46041 4.715682 5.116682 26.461 False
171 com.cnn.mobile.android.phone 4 9.199999809265137 14.427 11.532999866485596 17.579999866485593 tpc.googlesyndication.com:46042 4.7159759999999995 5.087975999999999 39.332 False
172 com.cnn.mobile.android.phone 4 9.199999809265137 14.427 11.532999866485596 17.579999866485593 tpc.googlesyndication.com:46043 4.716251 5.014251 14.884 False
173 com.cnn.mobile.android.phone 4 9.199999809265137 14.427 11.532999866485596 17.579999866485593 googleads.g.doubleclick.net:52341 5.141427 5.207427 2.141 False
174 com.cnn.mobile.android.phone 4 9.199999809265137 14.427 11.532999866485596 17.579999866485593 pubads.g.doubleclick.net:48728 5.407345 5.681345 2.511 False
175 com.cnn.mobile.android.phone 4 9.199999809265137 14.427 11.532999866485596 17.579999866485593 sb.voicefive.com:52231 5.91374 6.31074 0.0 False
176 com.cnn.mobile.android.phone 4 9.199999809265137 14.427 11.532999866485596 17.579999866485593 onesignal.com:38440 7.752611 8.084611 1.415 False
177 com.cnn.mobile.android.phone 4 9.199999809265137 14.427 11.532999866485596 17.579999866485593 cerebro.api.cnn.io:37316 10.410721 10.496721 0.362 True
178 com.cnn.mobile.android.phone 4 9.199999809265137 14.427 11.532999866485596 17.579999866485593 cerebro.api.cnn.io:37316 10.755756 10.870756 5.249 True
179 com.cnn.mobile.android.phone 4 9.199999809265137 14.427 11.532999866485596 17.579999866485593 dynaimage.cdn.turner.com:33496 11.242954 11.281953999999999 23.105 True
180 com.cnn.mobile.android.phone 4 9.199999809265137 14.427 11.532999866485596 17.579999866485593 aax-eu.amazon-adsystem.com:33171 11.896453 12.186452999999998 1.655 False
181 com.cnn.mobile.android.phone 4 9.199999809265137 14.427 11.532999866485596 17.579999866485593 dynaimage.cdn.turner.com:33496 11.91639 12.01939 43.244 True
182 com.cnn.mobile.android.phone 4 9.199999809265137 14.427 11.532999866485596 17.579999866485593 tpc.googlesyndication.com:46041 12.769903 12.912903 35.755 False
183 com.cnn.mobile.android.phone 4 9.199999809265137 14.427 11.532999866485596 17.579999866485593 sb.voicefive.com:39580 13.417364 13.665363999999999 0.0 False
184 com.cnn.mobile.android.phone 4 9.199999809265137 14.427 11.532999866485596 17.579999866485593 control.kochava.com:60453 14.356026 14.432026 1.526 False
185 com.cnn.mobile.android.phone 4 9.199999809265137 14.427 11.532999866485596 17.579999866485593 cerebro.api.cnn.io:37316 16.697591 16.719590999999998 8.18 True
186 com.cnn.mobile.android.phone 5 9.47000002861023 12.905000000000001 12.179999847412109 18.248999847412108 config.outturner.com:34622 0.0 0.356 1.007 False
187 com.cnn.mobile.android.phone 5 9.47000002861023 12.905000000000001 12.179999847412109 18.248999847412108 cerebro.api.cnn.io:35578 0.501035 0.750035 5.471 True
188 com.cnn.mobile.android.phone 5 9.47000002861023 12.905000000000001 12.179999847412109 18.248999847412108 onesignal.com:40773 0.953087 1.3110870000000001 21.954 False
189 com.cnn.mobile.android.phone 5 9.47000002861023 12.905000000000001 12.179999847412109 18.248999847412108 geolocation.onetrust.com:44585 0.954396 1.278396 0.588 False
190 com.cnn.mobile.android.phone 5 9.47000002861023 12.905000000000001 12.179999847412109 18.248999847412108 codepush.azurewebsites.net:54363 1.046582 1.699582 0.509 False
191 com.cnn.mobile.android.phone 5 9.47000002861023 12.905000000000001 12.179999847412109 18.248999847412108 privacyportal-eu-cdn.onetrust.com:45743 1.319359 1.515359 2.621 False
192 com.cnn.mobile.android.phone 5 9.47000002861023 12.905000000000001 12.179999847412109 18.248999847412108 mobile.eum-appdynamics.com:56637 1.883588 2.323588 0.0 False
193 com.cnn.mobile.android.phone 5 9.47000002861023 12.905000000000001 12.179999847412109 18.248999847412108 z.moatads.com:51125 2.009081 2.2370810000000003 0.0 False
194 com.cnn.mobile.android.phone 5 9.47000002861023 12.905000000000001 12.179999847412109 18.248999847412108 codepush.azurewebsites.net:54363 2.144025 2.144025 1.023 False
195 com.cnn.mobile.android.phone 5 9.47000002861023 12.905000000000001 12.179999847412109 18.248999847412108 z.moatads.com:60098 2.239441 2.3974409999999997 0.0 False
196 com.cnn.mobile.android.phone 5 9.47000002861023 12.905000000000001 12.179999847412109 18.248999847412108 cdn.krxd.net:50791 2.350276 2.768276 3.756 False
197 com.cnn.mobile.android.phone 5 9.47000002861023 12.905000000000001 12.179999847412109 18.248999847412108 kvinit-prod.api.kochava.com:59615 2.354329 2.539329 1.438 False
198 com.cnn.mobile.android.phone 5 9.47000002861023 12.905000000000001 12.179999847412109 18.248999847412108 z.moatads.com:42255 2.399326 2.536326 0.0 False
199 com.cnn.mobile.android.phone 5 9.47000002861023 12.905000000000001 12.179999847412109 18.248999847412108 z.cdn.turner.com:47835 2.458926 2.706926 0.0 False
200 com.cnn.mobile.android.phone 5 9.47000002861023 12.905000000000001 12.179999847412109 18.248999847412108 cvp1.cdn.turner.com:34891 2.6582879999999998 2.8772879999999996 1.552 False
201 com.cnn.mobile.android.phone 5 9.47000002861023 12.905000000000001 12.179999847412109 18.248999847412108 data.cnn.com:49225 2.725854 2.996854 0.794 False
202 com.cnn.mobile.android.phone 5 9.47000002861023 12.905000000000001 12.179999847412109 18.248999847412108 aspen.turner.com.../api/hello 3.438314914703369 3.871501922607422 0.001477 False
203 com.cnn.mobile.android.phone 5 9.47000002861023 12.905000000000001 12.179999847412109 18.248999847412108 cerebro.api.cnn.io:35578 3.014955 3.582955 91.687 True
204 com.cnn.mobile.android.phone 5 9.47000002861023 12.905000000000001 12.179999847412109 18.248999847412108 metrics.cnn.com.../s49391819 3.688147783279419 3.7560689449310303 0.001449 False
205 com.cnn.mobile.android.phone 5 9.47000002861023 12.905000000000001 12.179999847412109 18.248999847412108 sp.auth.adobe.com:45332 3.171138 3.809138 0.264 False
206 com.cnn.mobile.android.phone 5 9.47000002861023 12.905000000000001 12.179999847412109 18.248999847412108 control.kochava.com:34459 3.274137 3.507137 2.526 False
207 com.cnn.mobile.android.phone 5 9.47000002861023 12.905000000000001 12.179999847412109 18.248999847412108 dynaimage.cdn.turner.com:50747 3.760083 4.018083 20.061 True
208 com.cnn.mobile.android.phone 5 9.47000002861023 12.905000000000001 12.179999847412109 18.248999847412108 dynaimage.cdn.turner.com:45082 3.760484 4.079484 47.451 True
209 com.cnn.mobile.android.phone 5 9.47000002861023 12.905000000000001 12.179999847412109 18.248999847412108 dynaimage.cdn.turner.com:44321 3.76189 4.09089 38.852 True
210 com.cnn.mobile.android.phone 5 9.47000002861023 12.905000000000001 12.179999847412109 18.248999847412108 dynaimage.cdn.turner.com:40976 3.762217 4.224217 177.011 True
211 com.cnn.mobile.android.phone 5 9.47000002861023 12.905000000000001 12.179999847412109 18.248999847412108 dynaimage.cdn.turner.com:52641 3.81273 4.1247300000000005 69.406 True
212 com.cnn.mobile.android.phone 5 9.47000002861023 12.905000000000001 12.179999847412109 18.248999847412108 sp.auth.adobe.com:45332 4.10884 4.277839999999999 19.574 False
213 com.cnn.mobile.android.phone 5 9.47000002861023 12.905000000000001 12.179999847412109 18.248999847412108 googleads.g.doubleclick.net:52353 4.17547 4.57647 95.66 False
214 com.cnn.mobile.android.phone 5 9.47000002861023 12.905000000000001 12.179999847412109 18.248999847412108 tpc.googlesyndication.com:46051 4.82134 5.30734 14.885 False
215 com.cnn.mobile.android.phone 5 9.47000002861023 12.905000000000001 12.179999847412109 18.248999847412108 tpc.googlesyndication.com:46052 4.821627 5.427627 26.463 False
216 com.cnn.mobile.android.phone 5 9.47000002861023 12.905000000000001 12.179999847412109 18.248999847412108 tpc.googlesyndication.com:46053 4.821894 5.342894 12.881 False
217 com.cnn.mobile.android.phone 5 9.47000002861023 12.905000000000001 12.179999847412109 18.248999847412108 tpc.googlesyndication.com:46054 4.82218 5.3251800000000005 5.112 False
218 com.cnn.mobile.android.phone 5 9.47000002861023 12.905000000000001 12.179999847412109 18.248999847412108 tpc.googlesyndication.com:46055 4.822515 5.3875150000000005 39.334 False
219 com.cnn.mobile.android.phone 5 9.47000002861023 12.905000000000001 12.179999847412109 18.248999847412108 googleads.g.doubleclick.net:52353 4.834153 5.061153 2.141 False
220 com.cnn.mobile.android.phone 5 9.47000002861023 12.905000000000001 12.179999847412109 18.248999847412108 pubads.g.doubleclick.net:48740 5.581459 5.837459 2.512 False
221 com.cnn.mobile.android.phone 5 9.47000002861023 12.905000000000001 12.179999847412109 18.248999847412108 sb.voicefive.com:54220 5.695043 5.915043 0.0 False
222 com.cnn.mobile.android.phone 5 9.47000002861023 12.905000000000001 12.179999847412109 18.248999847412108 onesignal.com:39027 7.527087 7.887087 1.394 False
223 com.cnn.mobile.android.phone 5 9.47000002861023 12.905000000000001 12.179999847412109 18.248999847412108 cerebro.api.cnn.io:35578 9.95953 10.067530000000001 0.284 True
224 com.cnn.mobile.android.phone 5 9.47000002861023 12.905000000000001 12.179999847412109 18.248999847412108 dynaimage.cdn.turner.com:40976 10.621342 10.734342 23.105 True
225 com.cnn.mobile.android.phone 5 9.47000002861023 12.905000000000001 12.179999847412109 18.248999847412108 aax-eu.amazon-adsystem.com:35022 11.405531 12.097531 1.655 False
226 com.cnn.mobile.android.phone 5 9.47000002861023 12.905000000000001 12.179999847412109 18.248999847412108 dynaimage.cdn.turner.com:40976 11.423591 11.423591 0.306 True
227 com.cnn.mobile.android.phone 5 9.47000002861023 12.905000000000001 12.179999847412109 18.248999847412108 dynaimage.cdn.turner.com:40976 11.90432 11.99732 42.902 True
228 com.cnn.mobile.android.phone 5 9.47000002861023 12.905000000000001 12.179999847412109 18.248999847412108 tpc.googlesyndication.com:46052 12.76211 12.93711 35.755 False
229 com.cnn.mobile.android.phone 5 9.47000002861023 12.905000000000001 12.179999847412109 18.248999847412108 control.kochava.com:34459 13.890816000000001 13.985816000000002 1.526 False
230 com.cnn.mobile.android.phone 5 9.47000002861023 12.905000000000001 12.179999847412109 18.248999847412108 sb.voicefive.com:59302 13.998756 14.206756 0.0 False
231 com.cnn.mobile.android.phone 6 9.319999933242798 12.754 11.805 17.935000000000002 config.outturner.com:36838 0.0 0.306 1.007 False
232 com.cnn.mobile.android.phone 6 9.319999933242798 12.754 11.805 17.935000000000002 cerebro.api.cnn.io:33976 0.474269 0.720269 5.471 True
233 com.cnn.mobile.android.phone 6 9.319999933242798 12.754 11.805 17.935000000000002 onesignal.com:49830 1.015949 1.483949 21.954 False
234 com.cnn.mobile.android.phone 6 9.319999933242798 12.754 11.805 17.935000000000002 geolocation.onetrust.com:38271 1.200178 1.484178 0.588 False
235 com.cnn.mobile.android.phone 6 9.319999933242798 12.754 11.805 17.935000000000002 codepush.azurewebsites.net:52580 1.208217 1.2362170000000001 0.0 False
236 com.cnn.mobile.android.phone 6 9.319999933242798 12.754 11.805 17.935000000000002 privacyportal-eu-cdn.onetrust.com:57719 1.5610270000000002 1.7890270000000001 2.621 False
237 com.cnn.mobile.android.phone 6 9.319999933242798 12.754 11.805 17.935000000000002 codepush.azurewebsites.net:52580 1.851473 2.0584729999999998 1.532 False
238 com.cnn.mobile.android.phone 6 9.319999933242798 12.754 11.805 17.935000000000002 mobile.eum-appdynamics.com:58091 2.135744 2.369744 0.0 False
239 com.cnn.mobile.android.phone 6 9.319999933242798 12.754 11.805 17.935000000000002 z.moatads.com:57827 2.275665 2.424665 0.0 False
240 com.cnn.mobile.android.phone 6 9.319999933242798 12.754 11.805 17.935000000000002 z.moatads.com:33016 2.4268520000000002 2.5918520000000003 0.0 False
241 com.cnn.mobile.android.phone 6 9.319999933242798 12.754 11.805 17.935000000000002 z.moatads.com:34086 2.593594 2.761594 0.0 False
242 com.cnn.mobile.android.phone 6 9.319999933242798 12.754 11.805 17.935000000000002 cdn.krxd.net:45456 2.5936209999999997 3.011621 3.757 False
243 com.cnn.mobile.android.phone 6 9.319999933242798 12.754 11.805 17.935000000000002 z.cdn.turner.com:54250 2.641444 2.912444 0.0 False
244 com.cnn.mobile.android.phone 6 9.319999933242798 12.754 11.805 17.935000000000002 cvp1.cdn.turner.com:37142 2.67643 2.91843 1.552 False
245 com.cnn.mobile.android.phone 6 9.319999933242798 12.754 11.805 17.935000000000002 aspen.turner.com.../api/hello 3.2663707733154297 3.4486048221588135 0.001477 False
246 com.cnn.mobile.android.phone 6 9.319999933242798 12.754 11.805 17.935000000000002 data.cnn.com:38602 3.102783 3.386783 0.794 False
247 com.cnn.mobile.android.phone 6 9.319999933242798 12.754 11.805 17.935000000000002 sp.auth.adobe.com:37801 3.173361 3.201361 0.0 False
248 com.cnn.mobile.android.phone 6 9.319999933242798 12.754 11.805 17.935000000000002 control.kochava.com:51144 3.183758 3.441758 2.526 False
249 com.cnn.mobile.android.phone 6 9.319999933242798 12.754 11.805 17.935000000000002 cerebro.api.cnn.io:33976 3.237379 3.3433789999999997 30.501 True
250 com.cnn.mobile.android.phone 6 9.319999933242798 12.754 11.805 17.935000000000002 metrics.cnn.com.../s84778876 3.604029893875122 3.6722867488861084 0.001449 False
251 com.cnn.mobile.android.phone 6 9.319999933242798 12.754 11.805 17.935000000000002 cerebro.api.cnn.io:33976 3.670427 4.019427 61.194 True
252 com.cnn.mobile.android.phone 6 9.319999933242798 12.754 11.805 17.935000000000002 sp.auth.adobe.com:37801 3.780067 3.819067 0.264 False
253 com.cnn.mobile.android.phone 6 9.319999933242798 12.754 11.805 17.935000000000002 dynaimage.cdn.turner.com:46786 4.080468 4.458468 45.11 True
254 com.cnn.mobile.android.phone 6 9.319999933242798 12.754 11.805 17.935000000000002 dynaimage.cdn.turner.com:33957 4.080664 4.547663999999999 179.364 True
255 com.cnn.mobile.android.phone 6 9.319999933242798 12.754 11.805 17.935000000000002 dynaimage.cdn.turner.com:37510 4.081461 4.360461 20.06 True
256 com.cnn.mobile.android.phone 6 9.319999933242798 12.754 11.805 17.935000000000002 dynaimage.cdn.turner.com:35917 4.082963 4.379963 38.875 True
257 com.cnn.mobile.android.phone 6 9.319999933242798 12.754 11.805 17.935000000000002 dynaimage.cdn.turner.com:38129 4.092736 4.4547360000000005 69.405 True
258 com.cnn.mobile.android.phone 6 9.319999933242798 12.754 11.805 17.935000000000002 sp.auth.adobe.com:37801 4.115894 4.278894 19.553 False
259 com.cnn.mobile.android.phone 6 9.319999933242798 12.754 11.805 17.935000000000002 googleads.g.doubleclick.net:52365 4.495315 4.926315 95.66 False
260 com.cnn.mobile.android.phone 6 9.319999933242798 12.754 11.805 17.935000000000002 googleads.g.doubleclick.net:52365 5.203214 5.278214 2.141 False
261 com.cnn.mobile.android.phone 6 9.319999933242798 12.754 11.805 17.935000000000002 tpc.googlesyndication.com:46063 5.264931 5.578931 12.874 False
262 com.cnn.mobile.android.phone 6 9.319999933242798 12.754 11.805 17.935000000000002 tpc.googlesyndication.com:46064 5.26521 5.66821 26.449 False
263 com.cnn.mobile.android.phone 6 9.319999933242798 12.754 11.805 17.935000000000002 tpc.googlesyndication.com:46065 5.265468 5.5694680000000005 14.878 False
264 com.cnn.mobile.android.phone 6 9.319999933242798 12.754 11.805 17.935000000000002 tpc.googlesyndication.com:46066 5.265729 5.627729 39.327 False
265 com.cnn.mobile.android.phone 6 9.319999933242798 12.754 11.805 17.935000000000002 tpc.googlesyndication.com:46067 5.265978 5.563978 5.105 False
266 com.cnn.mobile.android.phone 6 9.319999933242798 12.754 11.805 17.935000000000002 pubads.g.doubleclick.net:48752 5.825406 6.1484060000000005 2.505 False
267 com.cnn.mobile.android.phone 6 9.319999933242798 12.754 11.805 17.935000000000002 sb.voicefive.com:41420 6.107482 6.309482 0.0 False
268 com.cnn.mobile.android.phone 6 9.319999933242798 12.754 11.805 17.935000000000002 onesignal.com:49830 7.664509 7.664509 0.399 False
269 com.cnn.mobile.android.phone 6 9.319999933242798 12.754 11.805 17.935000000000002 onesignal.com:49830 7.918958 7.918958 1.016 False
270 com.cnn.mobile.android.phone 6 9.319999933242798 12.754 11.805 17.935000000000002 cerebro.api.cnn.io:33976 10.039099 10.039099 0.117 True
271 com.cnn.mobile.android.phone 6 9.319999933242798 12.754 11.805 17.935000000000002 cerebro.api.cnn.io:33976 10.32875 10.44575 40.611 True
272 com.cnn.mobile.android.phone 6 9.319999933242798 12.754 11.805 17.935000000000002 dynaimage.cdn.turner.com:33957 10.792283 10.855283 23.105 True
273 com.cnn.mobile.android.phone 6 9.319999933242798 12.754 11.805 17.935000000000002 aax-eu.amazon-adsystem.com:32877 11.744736 12.067736 1.655 False
274 com.cnn.mobile.android.phone 6 9.319999933242798 12.754 11.805 17.935000000000002 dynaimage.cdn.turner.com:33957 11.771183 11.872183000000001 43.209 True
275 com.cnn.mobile.android.phone 6 9.319999933242798 12.754 11.805 17.935000000000002 tpc.googlesyndication.com:46064 12.669964 12.778964 30.204 False
276 com.cnn.mobile.android.phone 6 9.319999933242798 12.754 11.805 17.935000000000002 sb.voicefive.com:35478 13.019388 13.248387999999998 0.0 False
277 com.cnn.mobile.android.phone 6 9.319999933242798 12.754 11.805 17.935000000000002 control.kochava.com:51144 14.20865 14.30865 1.525 False
278 com.cnn.mobile.android.phone 7 9.52999997138977 13.148 12.010000028610229 18.590000028610227 config.outturner.com:55003 0.0 0.31 1.007 False
279 com.cnn.mobile.android.phone 7 9.52999997138977 13.148 12.010000028610229 18.590000028610227 cerebro.api.cnn.io:52888 0.462139 0.678139 5.471 True
280 com.cnn.mobile.android.phone 7 9.52999997138977 13.148 12.010000028610229 18.590000028610227 geolocation.onetrust.com:44733 0.954193 1.231193 0.588 False
281 com.cnn.mobile.android.phone 7 9.52999997138977 13.148 12.010000028610229 18.590000028610227 onesignal.com:44414 0.983818 1.264818 21.954 False
282 com.cnn.mobile.android.phone 7 9.52999997138977 13.148 12.010000028610229 18.590000028610227 codepush.azurewebsites.net:33860 1.064971 1.100971 0.0 False
283 com.cnn.mobile.android.phone 7 9.52999997138977 13.148 12.010000028610229 18.590000028610227 privacyportal-eu-cdn.onetrust.com:38394 1.274068 1.509068 2.621 False
284 com.cnn.mobile.android.phone 7 9.52999997138977 13.148 12.010000028610229 18.590000028610227 codepush.azurewebsites.net:33860 1.643502 1.839502 1.556 False
285 com.cnn.mobile.android.phone 7 9.52999997138977 13.148 12.010000028610229 18.590000028610227 mobile.eum-appdynamics.com:48583 1.823428 2.254428 0.0 False
286 com.cnn.mobile.android.phone 7 9.52999997138977 13.148 12.010000028610229 18.590000028610227 z.moatads.com:37277 1.940278 2.188278 0.0 False
287 com.cnn.mobile.android.phone 7 9.52999997138977 13.148 12.010000028610229 18.590000028610227 kvinit-prod.api.kochava.com:38049 2.076756 2.299756 1.436 False
288 com.cnn.mobile.android.phone 7 9.52999997138977 13.148 12.010000028610229 18.590000028610227 z.moatads.com:40338 2.189838 2.3688379999999998 0.0 False
289 com.cnn.mobile.android.phone 7 9.52999997138977 13.148 12.010000028610229 18.590000028610227 cdn.krxd.net:38019 2.2835520000000002 2.6775520000000004 3.756 False
290 com.cnn.mobile.android.phone 7 9.52999997138977 13.148 12.010000028610229 18.590000028610227 z.cdn.turner.com:54319 2.303242 2.639242 0.0 False
291 com.cnn.mobile.android.phone 7 9.52999997138977 13.148 12.010000028610229 18.590000028610227 cvp1.cdn.turner.com:42470 2.358098 2.690098 1.552 False
292 com.cnn.mobile.android.phone 7 9.52999997138977 13.148 12.010000028610229 18.590000028610227 z.moatads.com:57192 2.37062 2.52862 0.0 False
293 com.cnn.mobile.android.phone 7 9.52999997138977 13.148 12.010000028610229 18.590000028610227 aspen.turner.com.../api/hello 3.280003786087036 3.439434766769409 0.001477 False
294 com.cnn.mobile.android.phone 7 9.52999997138977 13.148 12.010000028610229 18.590000028610227 cerebro.api.cnn.io:52888 2.910374 3.512374 91.683 True
295 com.cnn.mobile.android.phone 7 9.52999997138977 13.148 12.010000028610229 18.590000028610227 sp.auth.adobe.com:50243 2.938283 3.616283 0.264 False
296 com.cnn.mobile.android.phone 7 9.52999997138977 13.148 12.010000028610229 18.590000028610227 data.cnn.com:37720 2.965256 3.344256 0.794 False
297 com.cnn.mobile.android.phone 7 9.52999997138977 13.148 12.010000028610229 18.590000028610227 control.kochava.com:57588 3.007959 3.310959 2.525 False
298 com.cnn.mobile.android.phone 7 9.52999997138977 13.148 12.010000028610229 18.590000028610227 metrics.cnn.com.../s61591518 3.589082717895508 3.6538257598876953 0.001449 False
299 com.cnn.mobile.android.phone 7 9.52999997138977 13.148 12.010000028610229 18.590000028610227 dynaimage.cdn.turner.com:55193 3.551453 3.838453 38.843 True
300 com.cnn.mobile.android.phone 7 9.52999997138977 13.148 12.010000028610229 18.590000028610227 dynaimage.cdn.turner.com:37477 3.551475 3.837475 20.061 True
301 com.cnn.mobile.android.phone 7 9.52999997138977 13.148 12.010000028610229 18.590000028610227 dynaimage.cdn.turner.com:47801 3.5518840000000003 3.843884 45.111 True
302 com.cnn.mobile.android.phone 7 9.52999997138977 13.148 12.010000028610229 18.590000028610227 dynaimage.cdn.turner.com:54499 3.552324 3.990324 179.33 True
303 com.cnn.mobile.android.phone 7 9.52999997138977 13.148 12.010000028610229 18.590000028610227 dynaimage.cdn.turner.com:58641 3.584059 3.949059 69.407 True
304 com.cnn.mobile.android.phone 7 9.52999997138977 13.148 12.010000028610229 18.590000028610227 sp.auth.adobe.com:50243 3.949917 4.097917 19.555 False
305 com.cnn.mobile.android.phone 7 9.52999997138977 13.148 12.010000028610229 18.590000028610227 googleads.g.doubleclick.net:52377 4.11905 4.48705 95.66 False
306 com.cnn.mobile.android.phone 7 9.52999997138977 13.148 12.010000028610229 18.590000028610227 googleads.g.doubleclick.net:52377 4.785803 4.879803 2.141 False
307 com.cnn.mobile.android.phone 7 9.52999997138977 13.148 12.010000028610229 18.590000028610227 tpc.googlesyndication.com:46075 4.985312 5.292312000000001 5.111 False
308 com.cnn.mobile.android.phone 7 9.52999997138977 13.148 12.010000028610229 18.590000028610227 tpc.googlesyndication.com:46076 4.985605 5.399604999999999 26.461 False
309 com.cnn.mobile.android.phone 7 9.52999997138977 13.148 12.010000028610229 18.590000028610227 tpc.googlesyndication.com:46077 4.98589 5.292890000000001 12.88 False
310 com.cnn.mobile.android.phone 7 9.52999997138977 13.148 12.010000028610229 18.590000028610227 tpc.googlesyndication.com:46078 4.986176 5.3401760000000005 39.333 False
311 com.cnn.mobile.android.phone 7 9.52999997138977 13.148 12.010000028610229 18.590000028610227 tpc.googlesyndication.com:46079 4.986453 5.262453 14.884 False
312 com.cnn.mobile.android.phone 7 9.52999997138977 13.148 12.010000028610229 18.590000028610227 pubads.g.doubleclick.net:48764 5.524864 5.806864 2.511 False
313 com.cnn.mobile.android.phone 7 9.52999997138977 13.148 12.010000028610229 18.590000028610227 sb.voicefive.com:54784 5.772382 5.969382 0.0 False
314 com.cnn.mobile.android.phone 7 9.52999997138977 13.148 12.010000028610229 18.590000028610227 onesignal.com:45666 7.365811 7.657811 1.394 False
315 com.cnn.mobile.android.phone 7 9.52999997138977 13.148 12.010000028610229 18.590000028610227 cerebro.api.cnn.io:52888 10.046424 10.085424 0.259 True
316 com.cnn.mobile.android.phone 7 9.52999997138977 13.148 12.010000028610229 18.590000028610227 cerebro.api.cnn.io:52888 10.412044999999999 10.476045 0.262 True
317 com.cnn.mobile.android.phone 7 9.52999997138977 13.148 12.010000028610229 18.590000028610227 dynaimage.cdn.turner.com:54499 10.738131 10.814131 23.106 True
318 com.cnn.mobile.android.phone 7 9.52999997138977 13.148 12.010000028610229 18.590000028610227 aax-eu.amazon-adsystem.com:41670 11.490167 11.886167 1.655 False
319 com.cnn.mobile.android.phone 7 9.52999997138977 13.148 12.010000028610229 18.590000028610227 dynaimage.cdn.turner.com:54499 11.499891 11.731891 43.209 True
320 com.cnn.mobile.android.phone 7 9.52999997138977 13.148 12.010000028610229 18.590000028610227 tpc.googlesyndication.com:46076 12.601393 12.601393 1.026 False
321 com.cnn.mobile.android.phone 7 9.52999997138977 13.148 12.010000028610229 18.590000028610227 tpc.googlesyndication.com:46076 12.930233 13.148233 43.613 False
322 com.cnn.mobile.android.phone 7 9.52999997138977 13.148 12.010000028610229 18.590000028610227 pagead2.googlesyndication.com:42803 13.255866 13.536866 6.702 False
323 com.cnn.mobile.android.phone 7 9.52999997138977 13.148 12.010000028610229 18.590000028610227 control.kochava.com:57588 13.935785 14.033785 1.526 False
324 com.cnn.mobile.android.phone 7 9.52999997138977 13.148 12.010000028610229 18.590000028610227 sb.voicefive.com:55847 14.037456 14.277456 0.0 False
325 com.cnn.mobile.android.phone 8 9.519999980926514 12.424 11.774000019073487 17.842000019073488 config.outturner.com:44872 0.0 0.319 1.007 False
326 com.cnn.mobile.android.phone 8 9.519999980926514 12.424 11.774000019073487 17.842000019073488 cerebro.api.cnn.io:41022 0.479421 0.721421 5.47 True
327 com.cnn.mobile.android.phone 8 9.519999980926514 12.424 11.774000019073487 17.842000019073488 onesignal.com:53153 0.927091 1.239091 21.954 False
328 com.cnn.mobile.android.phone 8 9.519999980926514 12.424 11.774000019073487 17.842000019073488 geolocation.onetrust.com:52403 0.987597 1.2395969999999998 0.588 False
329 com.cnn.mobile.android.phone 8 9.519999980926514 12.424 11.774000019073487 17.842000019073488 codepush.azurewebsites.net:57930 1.015322 1.047322 0.0 False
330 com.cnn.mobile.android.phone 8 9.519999980926514 12.424 11.774000019073487 17.842000019073488 privacyportal-eu-cdn.onetrust.com:46175 1.290746 1.476746 2.621 False
331 com.cnn.mobile.android.phone 8 9.519999980926514 12.424 11.774000019073487 17.842000019073488 codepush.azurewebsites.net:57930 1.6118109999999999 1.7978109999999998 1.532 False
332 com.cnn.mobile.android.phone 8 9.519999980926514 12.424 11.774000019073487 17.842000019073488 mobile.eum-appdynamics.com:36087 1.854936 2.089936 0.0 False
333 com.cnn.mobile.android.phone 8 9.519999980926514 12.424 11.774000019073487 17.842000019073488 z.moatads.com:50449 1.956968 2.088968 0.0 False
334 com.cnn.mobile.android.phone 8 9.519999980926514 12.424 11.774000019073487 17.842000019073488 z.moatads.com:47564 2.09097 2.24897 0.0 False
335 com.cnn.mobile.android.phone 8 9.519999980926514 12.424 11.774000019073487 17.842000019073488 z.moatads.com:53206 2.25095 2.40895 0.0 False
336 com.cnn.mobile.android.phone 8 9.519999980926514 12.424 11.774000019073487 17.842000019073488 kvinit-prod.api.kochava.com:58418 2.251844 2.4398440000000003 1.437 False
337 com.cnn.mobile.android.phone 8 9.519999980926514 12.424 11.774000019073487 17.842000019073488 cdn.krxd.net:51006 2.278334 2.715334 3.754 False
338 com.cnn.mobile.android.phone 8 9.519999980926514 12.424 11.774000019073487 17.842000019073488 z.cdn.turner.com:60736 2.406722 2.7057219999999997 0.0 False
339 com.cnn.mobile.android.phone 8 9.519999980926514 12.424 11.774000019073487 17.842000019073488 cvp1.cdn.turner.com:41359 2.441887 2.674887 1.552 False
340 com.cnn.mobile.android.phone 8 9.519999980926514 12.424 11.774000019073487 17.842000019073488 data.cnn.com:37222 2.66447 2.97947 0.794 False
341 com.cnn.mobile.android.phone 8 9.519999980926514 12.424 11.774000019073487 17.842000019073488 cerebro.api.cnn.io:41022 2.801501 2.887501 30.503 True
342 com.cnn.mobile.android.phone 8 9.519999980926514 12.424 11.774000019073487 17.842000019073488 aspen.turner.com.../api/hello 3.3948779106140137 3.5759518146514893 0.001477 False
343 com.cnn.mobile.android.phone 8 9.519999980926514 12.424 11.774000019073487 17.842000019073488 metrics.cnn.com.../s91641251 3.620576858520508 3.6798057556152344 0.0014550000000000001 False
344 com.cnn.mobile.android.phone 8 9.519999980926514 12.424 11.774000019073487 17.842000019073488 control.kochava.com:59687 3.219507 3.4515070000000003 2.526 False
345 com.cnn.mobile.android.phone 8 9.519999980926514 12.424 11.774000019073487 17.842000019073488 cerebro.api.cnn.io:41022 3.268106 3.590106 61.071 True
346 com.cnn.mobile.android.phone 8 9.519999980926514 12.424 11.774000019073487 17.842000019073488 sp.auth.adobe.com:35597 3.279313 3.900313 0.264 False
347 com.cnn.mobile.android.phone 8 9.519999980926514 12.424 11.774000019073487 17.842000019073488 dynaimage.cdn.turner.com:44757 3.805253 4.073253 20.092 True
348 com.cnn.mobile.android.phone 8 9.519999980926514 12.424 11.774000019073487 17.842000019073488 dynaimage.cdn.turner.com:35290 3.805275 4.253275 230.528 True
349 com.cnn.mobile.android.phone 8 9.519999980926514 12.424 11.774000019073487 17.842000019073488 dynaimage.cdn.turner.com:48464 3.805289 4.143289 38.844 True
350 com.cnn.mobile.android.phone 8 9.519999980926514 12.424 11.774000019073487 17.842000019073488 dynaimage.cdn.turner.com:36023 3.805535 4.1315349999999995 29.392 True
351 com.cnn.mobile.android.phone 8 9.519999980926514 12.424 11.774000019073487 17.842000019073488 dynaimage.cdn.turner.com:55202 3.805895 4.142895 33.987 True
352 com.cnn.mobile.android.phone 8 9.519999980926514 12.424 11.774000019073487 17.842000019073488 googleads.g.doubleclick.net:52390 4.164415 5.029415 97.801 False
353 com.cnn.mobile.android.phone 8 9.519999980926514 12.424 11.774000019073487 17.842000019073488 sp.auth.adobe.com:35597 4.207771 4.369771 19.572 False
354 com.cnn.mobile.android.phone 8 9.519999980926514 12.424 11.774000019073487 17.842000019073488 tpc.googlesyndication.com:46088 5.077069 5.510069 12.874 False
355 com.cnn.mobile.android.phone 8 9.519999980926514 12.424 11.774000019073487 17.842000019073488 tpc.googlesyndication.com:46089 5.077608 5.504607999999999 14.878 False
356 com.cnn.mobile.android.phone 8 9.519999980926514 12.424 11.774000019073487 17.842000019073488 tpc.googlesyndication.com:46090 5.078094 5.5100940000000005 5.105 False
357 com.cnn.mobile.android.phone 8 9.519999980926514 12.424 11.774000019073487 17.842000019073488 tpc.googlesyndication.com:46091 5.078598 5.5495980000000005 22.444 False
358 com.cnn.mobile.android.phone 8 9.519999980926514 12.424 11.774000019073487 17.842000019073488 tpc.googlesyndication.com:46092 5.079102 5.609102 26.449 False
359 com.cnn.mobile.android.phone 8 9.519999980926514 12.424 11.774000019073487 17.842000019073488 pubads.g.doubleclick.net:48777 5.753433 5.822433 0.0 False
360 com.cnn.mobile.android.phone 8 9.519999980926514 12.424 11.774000019073487 17.842000019073488 pubads.g.doubleclick.net:48777 6.417152 6.499152 2.505 False
361 com.cnn.mobile.android.phone 8 9.519999980926514 12.424 11.774000019073487 17.842000019073488 sb.voicefive.com:47796 6.669919 6.838919 0.0 False
362 com.cnn.mobile.android.phone 8 9.519999980926514 12.424 11.774000019073487 17.842000019073488 onesignal.com:52088 7.438712 7.952712 1.394 False
363 com.cnn.mobile.android.phone 8 9.519999980926514 12.424 11.774000019073487 17.842000019073488 cerebro.api.cnn.io:41022 10.021813 10.118813 0.576 True
364 com.cnn.mobile.android.phone 8 9.519999980926514 12.424 11.774000019073487 17.842000019073488 cerebro.api.cnn.io:41022 10.379918 10.485918 5.016 True
365 com.cnn.mobile.android.phone 8 9.519999980926514 12.424 11.774000019073487 17.842000019073488 dynaimage.cdn.turner.com:35290 10.753388 10.805387999999999 23.105 True
366 com.cnn.mobile.android.phone 8 9.519999980926514 12.424 11.774000019073487 17.842000019073488 aax-eu.amazon-adsystem.com:44734 11.432202 11.679202 1.655 False
367 com.cnn.mobile.android.phone 8 9.519999980926514 12.424 11.774000019073487 17.842000019073488 dynaimage.cdn.turner.com:35290 11.45 11.549 43.21 True
368 com.cnn.mobile.android.phone 8 9.519999980926514 12.424 11.774000019073487 17.842000019073488 tpc.googlesyndication.com:46092 12.333489 12.447489000000001 30.204 False
369 com.cnn.mobile.android.phone 8 9.519999980926514 12.424 11.774000019073487 17.842000019073488 sb.voicefive.com:50915 13.047345 13.283345 0.0 False
370 com.cnn.mobile.android.phone 8 9.519999980926514 12.424 11.774000019073487 17.842000019073488 control.kochava.com:59687 13.925066 14.058066 1.526 False
371 com.cnn.mobile.android.phone 9 9.490000009536743 12.376 11.67099981880188 17.78499981880188 config.outturner.com:36417 0.0 0.357 1.007 False
372 com.cnn.mobile.android.phone 9 9.490000009536743 12.376 11.67099981880188 17.78499981880188 cerebro.api.cnn.io:59323 0.549606 0.765606 5.471 True
373 com.cnn.mobile.android.phone 9 9.490000009536743 12.376 11.67099981880188 17.78499981880188 onesignal.com:49543 0.956499 1.4794990000000001 21.946 False
374 com.cnn.mobile.android.phone 9 9.490000009536743 12.376 11.67099981880188 17.78499981880188 codepush.azurewebsites.net:41065 1.19112 1.22112 0.0 False
375 com.cnn.mobile.android.phone 9 9.490000009536743 12.376 11.67099981880188 17.78499981880188 geolocation.onetrust.com:60654 1.198395 1.4963950000000001 0.588 False
376 com.cnn.mobile.android.phone 9 9.490000009536743 12.376 11.67099981880188 17.78499981880188 privacyportal-eu-cdn.onetrust.com:35952 1.524707 1.710707 2.621 False
377 com.cnn.mobile.android.phone 9 9.490000009536743 12.376 11.67099981880188 17.78499981880188 codepush.azurewebsites.net:41065 1.772105 1.957105 1.532 False
378 com.cnn.mobile.android.phone 9 9.490000009536743 12.376 11.67099981880188 17.78499981880188 mobile.eum-appdynamics.com:40032 2.086543 2.311543 0.0 False
379 com.cnn.mobile.android.phone 9 9.490000009536743 12.376 11.67099981880188 17.78499981880188 z.moatads.com:46477 2.18282 2.31182 0.0 False
380 com.cnn.mobile.android.phone 9 9.490000009536743 12.376 11.67099981880188 17.78499981880188 z.moatads.com:58108 2.313196 2.480196 0.0 False
381 com.cnn.mobile.android.phone 9 9.490000009536743 12.376 11.67099981880188 17.78499981880188 kvinit-prod.api.kochava.com:40371 2.476635 2.700635 1.438 False
382 com.cnn.mobile.android.phone 9 9.490000009536743 12.376 11.67099981880188 17.78499981880188 z.moatads.com:35081 2.482139 2.629139 0.0 False
383 com.cnn.mobile.android.phone 9 9.490000009536743 12.376 11.67099981880188 17.78499981880188 cdn.krxd.net:44864 2.5099869999999997 2.948987 3.755 False
384 com.cnn.mobile.android.phone 9 9.490000009536743 12.376 11.67099981880188 17.78499981880188 z.cdn.turner.com:45754 2.515564 2.759564 0.0 False
385 com.cnn.mobile.android.phone 9 9.490000009536743 12.376 11.67099981880188 17.78499981880188 cvp1.cdn.turner.com:51314 2.562268 2.783268 1.552 False
386 com.cnn.mobile.android.phone 9 9.490000009536743 12.376 11.67099981880188 17.78499981880188 aspen.turner.com.../api/hello 3.348801851272583 3.5214858055114746 0.001477 False
387 com.cnn.mobile.android.phone 9 9.490000009536743 12.376 11.67099981880188 17.78499981880188 data.cnn.com:35698 2.988699 3.257699 0.794 False
388 com.cnn.mobile.android.phone 9 9.490000009536743 12.376 11.67099981880188 17.78499981880188 cerebro.api.cnn.io:59323 3.087639 3.2106389999999996 30.536 True
389 com.cnn.mobile.android.phone 9 9.490000009536743 12.376 11.67099981880188 17.78499981880188 metrics.cnn.com.../s28515798 3.750804901123047 3.8197169303894043 0.0014479999999999999 False
390 com.cnn.mobile.android.phone 9 9.490000009536743 12.376 11.67099981880188 17.78499981880188 sp.auth.adobe.com:49346 3.213217 3.871217 0.264 False
391 com.cnn.mobile.android.phone 9 9.490000009536743 12.376 11.67099981880188 17.78499981880188 control.kochava.com:50780 3.336687 3.588687 2.526 False
392 com.cnn.mobile.android.phone 9 9.490000009536743 12.376 11.67099981880188 17.78499981880188 cerebro.api.cnn.io:59323 3.5172660000000002 3.909266 60.701 True
393 com.cnn.mobile.android.phone 9 9.490000009536743 12.376 11.67099981880188 17.78499981880188 dynaimage.cdn.turner.com:59051 3.566008 4.087008 219.824 True
394 com.cnn.mobile.android.phone 9 9.490000009536743 12.376 11.67099981880188 17.78499981880188 dynaimage.cdn.turner.com:45797 3.566039 4.018039 29.392 True
395 com.cnn.mobile.android.phone 9 9.490000009536743 12.376 11.67099981880188 17.78499981880188 dynaimage.cdn.turner.com:52840 3.571022 3.9000220000000003 27.793 True
396 com.cnn.mobile.android.phone 9 9.490000009536743 12.376 11.67099981880188 17.78499981880188 dynaimage.cdn.turner.com:58840 3.572369 3.9423690000000002 33.989 True
397 com.cnn.mobile.android.phone 9 9.490000009536743 12.376 11.67099981880188 17.78499981880188 dynaimage.cdn.turner.com:53387 3.573883 3.979883 41.754 True
398 com.cnn.mobile.android.phone 9 9.490000009536743 12.376 11.67099981880188 17.78499981880188 sp.auth.adobe.com:49346 4.163917 4.329917 19.553 False
399 com.cnn.mobile.android.phone 9 9.490000009536743 12.376 11.67099981880188 17.78499981880188 googleads.g.doubleclick.net:52402 4.346574 4.766574 95.66 False
400 com.cnn.mobile.android.phone 9 9.490000009536743 12.376 11.67099981880188 17.78499981880188 googleads.g.doubleclick.net:52402 5.093009 5.2610090000000005 2.141 False
401 com.cnn.mobile.android.phone 9 9.490000009536743 12.376 11.67099981880188 17.78499981880188 tpc.googlesyndication.com:46100 5.110283 5.568283 14.885 False
402 com.cnn.mobile.android.phone 9 9.490000009536743 12.376 11.67099981880188 17.78499981880188 tpc.googlesyndication.com:46101 5.110582 5.580582 12.881 False
403 com.cnn.mobile.android.phone 9 9.490000009536743 12.376 11.67099981880188 17.78499981880188 tpc.googlesyndication.com:46102 5.112804 5.679804 26.463 False
404 com.cnn.mobile.android.phone 9 9.490000009536743 12.376 11.67099981880188 17.78499981880188 tpc.googlesyndication.com:46103 5.114306 5.630306 39.334 False
405 com.cnn.mobile.android.phone 9 9.490000009536743 12.376 11.67099981880188 17.78499981880188 tpc.googlesyndication.com:46104 5.11602 5.56802 5.112 False
406 com.cnn.mobile.android.phone 9 9.490000009536743 12.376 11.67099981880188 17.78499981880188 googleads.g.doubleclick.net:52402 5.84158 5.959580000000001 1.901 False
407 com.cnn.mobile.android.phone 9 9.490000009536743 12.376 11.67099981880188 17.78499981880188 pubads.g.doubleclick.net:48789 5.8620339999999995 6.117033999999999 2.512 False
408 com.cnn.mobile.android.phone 9 9.490000009536743 12.376 11.67099981880188 17.78499981880188 sb.voicefive.com:38762 5.958197 6.167197 0.0 False
409 com.cnn.mobile.android.phone 9 9.490000009536743 12.376 11.67099981880188 17.78499981880188 onesignal.com:37291 7.60733 7.90033 1.394 False
410 com.cnn.mobile.android.phone 9 9.490000009536743 12.376 11.67099981880188 17.78499981880188 cerebro.api.cnn.io:59323 9.957224 10.004224 0.245 True
411 com.cnn.mobile.android.phone 9 9.490000009536743 12.376 11.67099981880188 17.78499981880188 dynaimage.cdn.turner.com:59051 10.581094 10.848094 23.105 True
412 com.cnn.mobile.android.phone 9 9.490000009536743 12.376 11.67099981880188 17.78499981880188 aax-eu.amazon-adsystem.com:47418 11.331221 11.576220999999999 1.655 False
413 com.cnn.mobile.android.phone 9 9.490000009536743 12.376 11.67099981880188 17.78499981880188 dynaimage.cdn.turner.com:59051 11.342325 11.467325 43.21 True
414 com.cnn.mobile.android.phone 9 9.490000009536743 12.376 11.67099981880188 17.78499981880188 tpc.googlesyndication.com:46102 12.254902 12.400902 38.694 False
415 com.cnn.mobile.android.phone 9 9.490000009536743 12.376 11.67099981880188 17.78499981880188 sb.voicefive.com:59447 12.525597 12.706596999999999 0.0 False
416 com.cnn.mobile.android.phone 9 9.490000009536743 12.376 11.67099981880188 17.78499981880188 control.kochava.com:50780 13.759181 13.890181 1.525 False
417 com.cnn.mobile.android.phone 10 9.22000002861023 12.921000000000001 11.825999856948853 17.916999856948852 config.outturner.com:59984 0.0 0.513 6.119 False
418 com.cnn.mobile.android.phone 10 9.22000002861023 12.921000000000001 11.825999856948853 17.916999856948852 geolocation.onetrust.com:44766 0.71268 1.04868 0.588 False
419 com.cnn.mobile.android.phone 10 9.22000002861023 12.921000000000001 11.825999856948853 17.916999856948852 onesignal.com:58811 0.888394 1.117394 21.954 False
420 com.cnn.mobile.android.phone 10 9.22000002861023 12.921000000000001 11.825999856948853 17.916999856948852 codepush.azurewebsites.net:57045 0.971582 1.749582 1.532 False
421 com.cnn.mobile.android.phone 10 9.22000002861023 12.921000000000001 11.825999856948853 17.916999856948852 privacyportal-eu-cdn.onetrust.com:35113 1.063661 1.263661 2.621 False
422 com.cnn.mobile.android.phone 10 9.22000002861023 12.921000000000001 11.825999856948853 17.916999856948852 mobile.eum-appdynamics.com:58488 1.635858 1.859858 0.0 False
423 com.cnn.mobile.android.phone 10 9.22000002861023 12.921000000000001 11.825999856948853 17.916999856948852 z.moatads.com:60894 1.7682790000000002 1.8852790000000001 0.0 False
424 com.cnn.mobile.android.phone 10 9.22000002861023 12.921000000000001 11.825999856948853 17.916999856948852 z.moatads.com:33417 1.88728 2.04628 0.0 False
425 com.cnn.mobile.android.phone 10 9.22000002861023 12.921000000000001 11.825999856948853 17.916999856948852 z.moatads.com:49011 2.047802 2.189802 0.0 False
426 com.cnn.mobile.android.phone 10 9.22000002861023 12.921000000000001 11.825999856948853 17.916999856948852 kvinit-prod.api.kochava.com:48060 2.057426 2.260426 1.438 False
427 com.cnn.mobile.android.phone 10 9.22000002861023 12.921000000000001 11.825999856948853 17.916999856948852 cdn.krxd.net:53043 2.179439 2.643439 3.756 False
428 com.cnn.mobile.android.phone 10 9.22000002861023 12.921000000000001 11.825999856948853 17.916999856948852 z.cdn.turner.com:57858 2.195839 2.489839 0.0 False
429 com.cnn.mobile.android.phone 10 9.22000002861023 12.921000000000001 11.825999856948853 17.916999856948852 cvp1.cdn.turner.com:60236 2.221421 2.512421 1.552 False
430 com.cnn.mobile.android.phone 10 9.22000002861023 12.921000000000001 11.825999856948853 17.916999856948852 data.cnn.com:40308 2.538988 2.799988 0.794 False
431 com.cnn.mobile.android.phone 10 9.22000002861023 12.921000000000001 11.825999856948853 17.916999856948852 aspen.turner.com.../api/hello 2.765591859817505 2.936715841293335 0.001477 False
432 com.cnn.mobile.android.phone 10 9.22000002861023 12.921000000000001 11.825999856948853 17.916999856948852 config.outturner.com:59984 2.863893 3.5758929999999998 91.374 False
433 com.cnn.mobile.android.phone 10 9.22000002861023 12.921000000000001 11.825999856948853 17.916999856948852 metrics.cnn.com...N/s7177754 3.088143825531006 3.152160882949829 0.001453 False
434 com.cnn.mobile.android.phone 10 9.22000002861023 12.921000000000001 11.825999856948853 17.916999856948852 control.kochava.com:53164 2.9562910000000002 3.219291 2.526 False
435 com.cnn.mobile.android.phone 10 9.22000002861023 12.921000000000001 11.825999856948853 17.916999856948852 sp.auth.adobe.com:36011 2.993971 3.6499710000000003 0.264 False
436 com.cnn.mobile.android.phone 10 9.22000002861023 12.921000000000001 11.825999856948853 17.916999856948852 dynaimage.cdn.turner.com:60993 3.535044 3.816044 47.418 True
437 com.cnn.mobile.android.phone 10 9.22000002861023 12.921000000000001 11.825999856948853 17.916999856948852 dynaimage.cdn.turner.com:34979 3.5350669999999997 3.9680669999999996 152.005 True
438 com.cnn.mobile.android.phone 10 9.22000002861023 12.921000000000001 11.825999856948853 17.916999856948852 dynaimage.cdn.turner.com:40033 3.535232 3.8602320000000003 38.842 True
439 com.cnn.mobile.android.phone 10 9.22000002861023 12.921000000000001 11.825999856948853 17.916999856948852 dynaimage.cdn.turner.com:44792 3.535412 3.854412 45.111 True
440 com.cnn.mobile.android.phone 10 9.22000002861023 12.921000000000001 11.825999856948853 17.916999856948852 dynaimage.cdn.turner.com:45540 3.555973 3.9079729999999997 69.406 True
441 com.cnn.mobile.android.phone 10 9.22000002861023 12.921000000000001 11.825999856948853 17.916999856948852 sp.auth.adobe.com:36011 3.973426 4.146426 19.553 False
442 com.cnn.mobile.android.phone 10 9.22000002861023 12.921000000000001 11.825999856948853 17.916999856948852 googleads.g.doubleclick.net:52414 3.977604 4.339604 95.66 False
443 com.cnn.mobile.android.phone 10 9.22000002861023 12.921000000000001 11.825999856948853 17.916999856948852 googleads.g.doubleclick.net:52414 4.612442 4.694442 2.141 False
444 com.cnn.mobile.android.phone 10 9.22000002861023 12.921000000000001 11.825999856948853 17.916999856948852 tpc.googlesyndication.com:46112 4.844008 5.278008 5.111 False
445 com.cnn.mobile.android.phone 10 9.22000002861023 12.921000000000001 11.825999856948853 17.916999856948852 tpc.googlesyndication.com:46113 4.844542 5.3785419999999995 26.461 False
446 com.cnn.mobile.android.phone 10 9.22000002861023 12.921000000000001 11.825999856948853 17.916999856948852 tpc.googlesyndication.com:46114 4.845033 5.260033 14.884 False
447 com.cnn.mobile.android.phone 10 9.22000002861023 12.921000000000001 11.825999856948853 17.916999856948852 tpc.googlesyndication.com:46115 4.84553 5.34753 39.333 False
448 com.cnn.mobile.android.phone 10 9.22000002861023 12.921000000000001 11.825999856948853 17.916999856948852 tpc.googlesyndication.com:46116 4.8460149999999995 5.265014999999999 12.88 False
449 com.cnn.mobile.android.phone 10 9.22000002861023 12.921000000000001 11.825999856948853 17.916999856948852 pubads.g.doubleclick.net:48801 5.509311 5.7973110000000005 2.511 False
450 com.cnn.mobile.android.phone 10 9.22000002861023 12.921000000000001 11.825999856948853 17.916999856948852 sb.voicefive.com:43857 6.580651 6.919651 0.0 False
451 com.cnn.mobile.android.phone 10 9.22000002861023 12.921000000000001 11.825999856948853 17.916999856948852 onesignal.com:52579 8.00917 8.520169999999998 1.394 False
452 com.cnn.mobile.android.phone 10 9.22000002861023 12.921000000000001 11.825999856948853 17.916999856948852 cerebro.api.cnn.io:42819 10.220056 10.500055999999999 0.209 True
453 com.cnn.mobile.android.phone 10 9.22000002861023 12.921000000000001 11.825999856948853 17.916999856948852 cerebro.api.cnn.io:36368 10.23175 10.56375 1.334 True
454 com.cnn.mobile.android.phone 10 9.22000002861023 12.921000000000001 11.825999856948853 17.916999856948852 dynaimage.cdn.turner.com:34979 10.881138 10.937138 23.106 True
455 com.cnn.mobile.android.phone 10 9.22000002861023 12.921000000000001 11.825999856948853 17.916999856948852 aax-eu.amazon-adsystem.com:45503 11.875233 12.129233 1.655 False
456 com.cnn.mobile.android.phone 10 9.22000002861023 12.921000000000001 11.825999856948853 17.916999856948852 dynaimage.cdn.turner.com:34979 11.893209 12.003209 43.21 True
457 com.cnn.mobile.android.phone 10 9.22000002861023 12.921000000000001 11.825999856948853 17.916999856948852 tpc.googlesyndication.com:46113 12.771689 12.920689 44.648 False
458 com.cnn.mobile.android.phone 10 9.22000002861023 12.921000000000001 11.825999856948853 17.916999856948852 pagead2.googlesyndication.com:42840 12.980343 13.278343 6.701 False
459 com.cnn.mobile.android.phone 10 9.22000002861023 12.921000000000001 11.825999856948853 17.916999856948852 sb.voicefive.com:58934 13.106814 13.359814 0.0 False
460 com.cnn.mobile.android.phone 10 9.22000002861023 12.921000000000001 11.825999856948853 17.916999856948852 control.kochava.com:53164 14.360839 14.509839 1.526 False
