 app expId t_click TDT AFT Last_Visual_Change flow t_start t_end KB critical
0 com.google.android.youtube 1 13.799999952316284 15.459 15.455999990463257 15.455999990463257 youtubei.googleapis.com:34607 0.0 1.012 20.208 False
1 com.google.android.youtube 1 13.799999952316284 15.459 15.455999990463257 15.455999990463257 youtubei.googleapis.com:44329 0.000656 0.337656 0.0 False
2 com.google.android.youtube 1 13.799999952316284 15.459 15.455999990463257 15.455999990463257 i.ytimg.com:55825 0.010042 0.755042 9.935 False
3 com.google.android.youtube 1 13.799999952316284 15.459 15.455999990463257 15.455999990463257 i.ytimg.com:55947 0.011351 0.339351 0.0 False
4 com.google.android.youtube 1 13.799999952316284 15.459 15.455999990463257 15.455999990463257 www.googleadservices.com:36855 0.340517 0.803517 0.976 False
5 com.google.android.youtube 1 13.799999952316284 15.459 15.455999990463257 15.455999990463257 youtubei.googleapis.com:44329 0.618986 0.695986 0.056 False
6 com.google.android.youtube 1 13.799999952316284 15.459 15.455999990463257 15.455999990463257 i.ytimg.com:55947 0.629211 0.745211 0.056 False
7 com.google.android.youtube 1 13.799999952316284 15.459 15.455999990463257 15.455999990463257 yt3.ggpht.com:48958 1.117549 1.483549 8.979 False
8 com.google.android.youtube 1 13.799999952316284 15.459 15.455999990463257 15.455999990463257 suggestqueries.google.com:45501 1.3154080000000001 1.6974080000000002 5.187 False
9 com.google.android.youtube 1 13.799999952316284 15.459 15.455999990463257 15.455999990463257 youtubei.googleapis.com:34607 1.4964819999999999 1.5144819999999999 10.018 False
10 com.google.android.youtube 1 13.799999952316284 15.459 15.455999990463257 15.455999990463257 www.youtube.com:50449 1.839696 2.225696 10.619 False
11 com.google.android.youtube 1 13.799999952316284 15.459 15.455999990463257 15.455999990463257 yt3.ggpht.com:48958 1.913396 1.9853960000000002 34.338 False
12 com.google.android.youtube 1 13.799999952316284 15.459 15.455999990463257 15.455999990463257 i.ytimg.com:55825 1.979965 2.067965 45.975 False
13 com.google.android.youtube 1 13.799999952316284 15.459 15.455999990463257 15.455999990463257 redirector.googlevideo.com:37001 2.8286569999999998 3.525657 12.148 False
14 com.google.android.youtube 1 13.799999952316284 15.459 15.455999990463257 15.455999990463257 redirector.googlevideo.com:44304 2.8369720000000003 3.2679720000000003 2.86 False
15 com.google.android.youtube 1 13.799999952316284 15.459 15.455999990463257 15.455999990463257 redirector.googlevideo.com:44305 2.841908 3.316908 2.859 False
16 com.google.android.youtube 1 13.799999952316284 15.459 15.455999990463257 15.455999990463257 redirector.googlevideo.com:44306 2.845825 3.3158250000000002 2.86 False
17 com.google.android.youtube 1 13.799999952316284 15.459 15.455999990463257 15.455999990463257 r1---sn-aigs6n7r.googlevideo.com:49110 3.324057 3.545057 8.136 False
18 com.google.android.youtube 1 13.799999952316284 15.459 15.455999990463257 15.455999990463257 r5---sn-aigl6nek.googlevideo.com:41945 3.423116 3.5931159999999998 7.88 False
19 com.google.android.youtube 1 13.799999952316284 15.459 15.455999990463257 15.455999990463257 r4---sn-aigl6ner.googlevideo.com:60807 3.434119 3.5931189999999997 8.164 False
20 com.google.android.youtube 1 13.799999952316284 15.459 15.455999990463257 15.455999990463257 youtubei.googleapis.com:34607 14.458545 14.517545 1.198 False
21 com.google.android.youtube 1 13.799999952316284 15.459 15.455999990463257 15.455999990463257 www.youtube.com:50449 14.579567 14.641567 0.234 False
22 com.google.android.youtube 1 13.799999952316284 15.459 15.455999990463257 15.455999990463257 youtubei.googleapis.com:34607 15.039591 15.096591 11.377 False
23 com.google.android.youtube 1 13.799999952316284 15.459 15.455999990463257 15.455999990463257 s.ytimg.com:50105 15.217404 15.505404 0.056 True
24 com.google.android.youtube 1 13.799999952316284 15.459 15.455999990463257 15.455999990463257 s.ytimg.com:50106 15.2182 15.4932 0.056 True
25 com.google.android.youtube 1 13.799999952316284 15.459 15.455999990463257 15.455999990463257 s.ytimg.com:50107 15.220714 15.542713999999998 6.433 True
26 com.google.android.youtube 1 13.799999952316284 15.459 15.455999990463257 15.455999990463257 s.ytimg.com:50108 15.221628 15.498628 0.056 True
27 com.google.android.youtube 1 13.799999952316284 15.459 15.455999990463257 15.455999990463257 i.ytimg.com:55825 15.269112 15.461112 73.144 False
28 com.google.android.youtube 1 13.799999952316284 15.459 15.455999990463257 15.455999990463257 yt3.ggpht.com:48958 15.269442 15.354442 4.663 False
29 com.google.android.youtube 1 13.799999952316284 15.459 15.455999990463257 15.455999990463257 www.youtube.com:50449 15.738914 15.771913999999999 0.234 False
30 com.google.android.youtube 2 13.559999942779541 15.372 15.187000019073487 15.207000019073487 youtubei.googleapis.com:38053 0.0 0.881 23.251 False
31 com.google.android.youtube 2 13.559999942779541 15.372 15.187000019073487 15.207000019073487 i.ytimg.com:33217 0.001459 0.6994589999999999 9.935 False
32 com.google.android.youtube 2 13.559999942779541 15.372 15.187000019073487 15.207000019073487 youtubei.googleapis.com:44341 0.008116 0.607116 0.056 False
33 com.google.android.youtube 2 13.559999942779541 15.372 15.187000019073487 15.207000019073487 i.ytimg.com:55959 0.009465 0.6314649999999999 0.056 False
34 com.google.android.youtube 2 13.559999942779541 15.372 15.187000019073487 15.207000019073487 www.googleadservices.com:36867 0.470676 0.761676 0.935 False
35 com.google.android.youtube 2 13.559999942779541 15.372 15.187000019073487 15.207000019073487 youtubei.googleapis.com:44344 0.475973 0.699973 0.056 False
36 com.google.android.youtube 2 13.559999942779541 15.372 15.187000019073487 15.207000019073487 youtubei.googleapis.com:44345 0.47631 0.74131 0.056 False
37 com.google.android.youtube 2 13.559999942779541 15.372 15.187000019073487 15.207000019073487 youtubei.googleapis.com:44346 0.476608 0.741608 0.056 False
38 com.google.android.youtube 2 13.559999942779541 15.372 15.187000019073487 15.207000019073487 yt3.ggpht.com:55759 0.882117 1.191117 8.979 False
39 com.google.android.youtube 2 13.559999942779541 15.372 15.187000019073487 15.207000019073487 suggestqueries.google.com:45516 1.100296 1.4112959999999999 5.216 False
40 com.google.android.youtube 2 13.559999942779541 15.372 15.187000019073487 15.207000019073487 youtubei.googleapis.com:38053 1.401532 1.411532 9.837 False
41 com.google.android.youtube 2 13.559999942779541 15.372 15.187000019073487 15.207000019073487 www.youtube.com:44499 1.6699410000000001 2.020941 10.597 False
42 com.google.android.youtube 2 13.559999942779541 15.372 15.187000019073487 15.207000019073487 yt3.ggpht.com:55759 1.720515 1.797515 37.409 False
43 com.google.android.youtube 2 13.559999942779541 15.372 15.187000019073487 15.207000019073487 i.ytimg.com:33217 1.7717619999999998 1.831762 26.318 False
44 com.google.android.youtube 2 13.559999942779541 15.372 15.187000019073487 15.207000019073487 redirector.googlevideo.com:57139 2.597427 3.0514270000000003 10.733 False
45 com.google.android.youtube 2 13.559999942779541 15.372 15.187000019073487 15.207000019073487 redirector.googlevideo.com:44319 2.597888 2.9198880000000003 2.859 False
46 com.google.android.youtube 2 13.559999942779541 15.372 15.187000019073487 15.207000019073487 redirector.googlevideo.com:44320 2.598402 2.888402 2.861 False
47 com.google.android.youtube 2 13.559999942779541 15.372 15.187000019073487 15.207000019073487 redirector.googlevideo.com:44321 2.5989 2.9069 2.861 False
48 com.google.android.youtube 2 13.559999942779541 15.372 15.187000019073487 15.207000019073487 r2---sn-aigzrn7k.googlevideo.com:58536 3.062944 3.270944 8.164 False
49 com.google.android.youtube 2 13.559999942779541 15.372 15.187000019073487 15.207000019073487 r2---sn-aigl6ner.googlevideo.com:33358 3.063918 3.260918 8.133 False
50 com.google.android.youtube 2 13.559999942779541 15.372 15.187000019073487 15.207000019073487 r5---sn-aigl6nl7.googlevideo.com:47159 3.064902 3.286902 8.164 False
51 com.google.android.youtube 2 13.559999942779541 15.372 15.187000019073487 15.207000019073487 youtubei.googleapis.com:38053 14.29072 14.37372 1.198 False
52 com.google.android.youtube 2 13.559999942779541 15.372 15.187000019073487 15.207000019073487 www.youtube.com:44499 14.418654 14.461654 0.234 False
53 com.google.android.youtube 2 13.559999942779541 15.372 15.187000019073487 15.207000019073487 youtubei.googleapis.com:38053 14.906993 14.960993 11.333 False
54 com.google.android.youtube 2 13.559999942779541 15.372 15.187000019073487 15.207000019073487 s.ytimg.com:50119 15.082024 15.420024 6.45 True
55 com.google.android.youtube 2 13.559999942779541 15.372 15.187000019073487 15.207000019073487 s.ytimg.com:50120 15.083087 15.369087 0.056 True
56 com.google.android.youtube 2 13.559999942779541 15.372 15.187000019073487 15.207000019073487 s.ytimg.com:50121 15.088662 15.330662 0.056 True
57 com.google.android.youtube 2 13.559999942779541 15.372 15.187000019073487 15.207000019073487 s.ytimg.com:50122 15.092647 15.356646999999999 0.056 True
58 com.google.android.youtube 2 13.559999942779541 15.372 15.187000019073487 15.207000019073487 i.ytimg.com:33217 15.159669 15.375668999999998 73.117 False
59 com.google.android.youtube 2 13.559999942779541 15.372 15.187000019073487 15.207000019073487 yt3.ggpht.com:55759 15.159965 15.275965 4.679 False
60 com.google.android.youtube 2 13.559999942779541 15.372 15.187000019073487 15.207000019073487 www.youtube.com:44499 15.576143 15.614143 0.234 False
61 com.google.android.youtube 3 14.259999990463257 15.489 15.944999809265138 15.944999809265138 i.ytimg.com:37507 0.0 0.128 4.078 False
62 com.google.android.youtube 3 14.259999990463257 15.489 15.944999809265138 15.944999809265138 youtubei.googleapis.com:34645 0.003438 0.114438 4.078 False
63 com.google.android.youtube 3 14.259999990463257 15.489 15.944999809265138 15.944999809265138 i.ytimg.com:55972 0.00404 0.17304 0.0 False
64 com.google.android.youtube 3 14.259999990463257 15.489 15.944999809265138 15.944999809265138 youtubei.googleapis.com:44356 0.004474 0.165474 0.0 False
65 com.google.android.youtube 3 14.259999990463257 15.489 15.944999809265138 15.944999809265138 youtubei.googleapis.com:44356 0.467649 0.702649 0.056 False
66 com.google.android.youtube 3 14.259999990463257 15.489 15.944999809265138 15.944999809265138 i.ytimg.com:55972 0.470488 0.705488 0.056 False
67 com.google.android.youtube 3 14.259999990463257 15.489 15.944999809265138 15.944999809265138 youtubei.googleapis.com:34645 0.477724 0.905724 16.306 False
68 com.google.android.youtube 3 14.259999990463257 15.489 15.944999809265138 15.944999809265138 i.ytimg.com:37507 0.478115 0.835115 3.132 False
69 com.google.android.youtube 3 14.259999990463257 15.489 15.944999809265138 15.944999809265138 www.googleadservices.com:36881 0.486562 0.949562 1.005 False
70 com.google.android.youtube 3 14.259999990463257 15.489 15.944999809265138 15.944999809265138 yt3.ggpht.com:42325 0.985372 1.293372 8.979 False
71 com.google.android.youtube 3 14.259999990463257 15.489 15.944999809265138 15.944999809265138 suggestqueries.google.com:45527 1.218063 1.558063 5.07 False
72 com.google.android.youtube 3 14.259999990463257 15.489 15.944999809265138 15.944999809265138 youtubei.googleapis.com:34645 1.525893 1.565893 9.953 False
73 com.google.android.youtube 3 14.259999990463257 15.489 15.944999809265138 15.944999809265138 www.youtube.com:34537 1.847618 2.449618 12.085 False
74 com.google.android.youtube 3 14.259999990463257 15.489 15.944999809265138 15.944999809265138 yt3.ggpht.com:42325 1.9137110000000002 2.3027110000000004 116.622 False
75 com.google.android.youtube 3 14.259999990463257 15.489 15.944999809265138 15.944999809265138 i.ytimg.com:37507 2.072614 2.137614 36.379 False
76 com.google.android.youtube 3 14.259999990463257 15.489 15.944999809265138 15.944999809265138 redirector.googlevideo.com:47201 2.719809 3.368809 12.172 False
77 com.google.android.youtube 3 14.259999990463257 15.489 15.944999809265138 15.944999809265138 redirector.googlevideo.com:44330 2.721091 3.152091 2.861 False
78 com.google.android.youtube 3 14.259999990463257 15.489 15.944999809265138 15.944999809265138 redirector.googlevideo.com:44331 2.721819 3.177819 2.861 False
79 com.google.android.youtube 3 14.259999990463257 15.489 15.944999809265138 15.944999809265138 redirector.googlevideo.com:44332 2.722328 3.194328 2.86 False
80 com.google.android.youtube 3 14.259999990463257 15.489 15.944999809265138 15.944999809265138 r2---sn-aigzrn7d.googlevideo.com:40059 3.275619 3.495619 8.133 False
81 com.google.android.youtube 3 14.259999990463257 15.489 15.944999809265138 15.944999809265138 r5---sn-aigzrn7k.googlevideo.com:47464 3.277297 3.643297 8.15 False
82 com.google.android.youtube 3 14.259999990463257 15.489 15.944999809265138 15.944999809265138 r4---sn-aigzrn7d.googlevideo.com:55063 3.278576 3.525576 7.882 False
83 com.google.android.youtube 3 14.259999990463257 15.489 15.944999809265138 15.944999809265138 youtubei.googleapis.com:34645 14.468556 14.541556 1.198 False
84 com.google.android.youtube 3 14.259999990463257 15.489 15.944999809265138 15.944999809265138 www.youtube.com:34537 14.604595 14.636595 0.234 False
85 com.google.android.youtube 3 14.259999990463257 15.489 15.944999809265138 15.944999809265138 youtubei.googleapis.com:34645 15.062486 15.115486 11.499 False
86 com.google.android.youtube 3 14.259999990463257 15.489 15.944999809265138 15.944999809265138 s.ytimg.com:50130 15.252361 15.485361000000001 0.056 True
87 com.google.android.youtube 3 14.259999990463257 15.489 15.944999809265138 15.944999809265138 s.ytimg.com:50131 15.25337 15.48537 0.056 True
88 com.google.android.youtube 3 14.259999990463257 15.489 15.944999809265138 15.944999809265138 s.ytimg.com:50132 15.255124 15.519124 6.434 True
89 com.google.android.youtube 3 14.259999990463257 15.489 15.944999809265138 15.944999809265138 s.ytimg.com:50133 15.257068 15.476068 0.056 True
90 com.google.android.youtube 3 14.259999990463257 15.489 15.944999809265138 15.944999809265138 yt3.ggpht.com:42325 15.302304 15.394304 4.68 False
91 com.google.android.youtube 3 14.259999990463257 15.489 15.944999809265138 15.944999809265138 i.ytimg.com:37507 15.303321 15.495321 73.17 False
92 com.google.android.youtube 3 14.259999990463257 15.489 15.944999809265138 15.944999809265138 www.youtube.com:34537 15.678881 15.733881 0.234 False
93 com.google.android.youtube 4 14.379999876022339 15.697000000000001 15.936999933242799 15.971999933242799 api.amplitude.com:41281 0.0 0.44 0.0 False
94 com.google.android.youtube 4 14.379999876022339 15.697000000000001 15.936999933242799 15.971999933242799 youtubei.googleapis.com:41940 0.204121 1.281121 23.165 False
95 com.google.android.youtube 4 14.379999876022339 15.697000000000001 15.936999933242799 15.971999933242799 youtubei.googleapis.com:44366 0.207495 0.364495 0.0 False
96 com.google.android.youtube 4 14.379999876022339 15.697000000000001 15.936999933242799 15.971999933242799 i.ytimg.com:35101 0.211116 1.062116 9.935 False
97 com.google.android.youtube 4 14.379999876022339 15.697000000000001 15.936999933242799 15.971999933242799 i.ytimg.com:55984 0.212557 0.863557 0.056 False
98 com.google.android.youtube 4 14.379999876022339 15.697000000000001 15.936999933242799 15.971999933242799 youtubei.googleapis.com:44366 0.641844 0.692844 0.056 False
99 com.google.android.youtube 4 14.379999876022339 15.697000000000001 15.936999933242799 15.971999933242799 www.googleadservices.com:36892 0.677274 0.9622740000000001 0.935 False
100 com.google.android.youtube 4 14.379999876022339 15.697000000000001 15.936999933242799 15.971999933242799 yt3.ggpht.com:44270 1.373199 1.671199 8.979 False
101 com.google.android.youtube 4 14.379999876022339 15.697000000000001 15.936999933242799 15.971999933242799 suggestqueries.google.com:45538 1.583324 1.946324 5.102 False
102 com.google.android.youtube 4 14.379999876022339 15.697000000000001 15.936999933242799 15.971999933242799 youtubei.googleapis.com:41940 1.690563 1.770563 10.057 False
103 com.google.android.youtube 4 14.379999876022339 15.697000000000001 15.936999933242799 15.971999933242799 www.youtube.com:43098 2.155673 2.862673 11.993 False
104 com.google.android.youtube 4 14.379999876022339 15.697000000000001 15.936999933242799 15.971999933242799 yt3.ggpht.com:44270 2.217221 2.5172209999999997 39.111 False
105 com.google.android.youtube 4 14.379999876022339 15.697000000000001 15.936999933242799 15.971999933242799 i.ytimg.com:35101 2.443252 2.5742520000000004 28.922 False
106 com.google.android.youtube 4 14.379999876022339 15.697000000000001 15.936999933242799 15.971999933242799 www.youtube.com:54610 2.464117 2.763117 2.899 False
107 com.google.android.youtube 4 14.379999876022339 15.697000000000001 15.936999933242799 15.971999933242799 www.youtube.com:54611 2.565613 2.802613 2.898 False
108 com.google.android.youtube 4 14.379999876022339 15.697000000000001 15.936999933242799 15.971999933242799 redirector.googlevideo.com:53399 3.096943 3.685943 9.919 False
109 com.google.android.youtube 4 14.379999876022339 15.697000000000001 15.936999933242799 15.971999933242799 redirector.googlevideo.com:44343 3.098179 3.145179 0.0 False
110 com.google.android.youtube 4 14.379999876022339 15.697000000000001 15.936999933242799 15.971999933242799 redirector.googlevideo.com:44344 3.099727 3.579727 2.86 False
111 com.google.android.youtube 4 14.379999876022339 15.697000000000001 15.936999933242799 15.971999933242799 redirector.googlevideo.com:44345 3.100675 3.567675 2.859 False
112 com.google.android.youtube 4 14.379999876022339 15.697000000000001 15.936999933242799 15.971999933242799 redirector.googlevideo.com:44343 3.473252 3.579252 2.86 False
113 com.google.android.youtube 4 14.379999876022339 15.697000000000001 15.936999933242799 15.971999933242799 r1---sn-aigzrn7z.googlevideo.com:34423 3.5796289999999997 3.739629 8.136 False
114 com.google.android.youtube 4 14.379999876022339 15.697000000000001 15.936999933242799 15.971999933242799 r1---sn-aigzrn7s.googlevideo.com:39106 3.624641 3.932641 8.729 False
115 com.google.android.youtube 4 14.379999876022339 15.697000000000001 15.936999933242799 15.971999933242799 r3---sn-aigl6nl7.googlevideo.com:41667 3.627325 3.892325 8.432 False
116 com.google.android.youtube 4 14.379999876022339 15.697000000000001 15.936999933242799 15.971999933242799 youtubei.googleapis.com:41940 14.705217 14.778217 1.198 False
117 com.google.android.youtube 4 14.379999876022339 15.697000000000001 15.936999933242799 15.971999933242799 www.youtube.com:43098 14.816849 14.847849 0.234 False
118 com.google.android.youtube 4 14.379999876022339 15.697000000000001 15.936999933242799 15.971999933242799 youtubei.googleapis.com:41940 15.256976 15.332976 11.543 False
119 com.google.android.youtube 4 14.379999876022339 15.697000000000001 15.936999933242799 15.971999933242799 s.ytimg.com:50144 15.433759 15.731759 6.451 True
120 com.google.android.youtube 4 14.379999876022339 15.697000000000001 15.936999933242799 15.971999933242799 s.ytimg.com:50145 15.434788 15.675787999999999 0.056 True
121 com.google.android.youtube 4 14.379999876022339 15.697000000000001 15.936999933242799 15.971999933242799 s.ytimg.com:50146 15.435252 15.702252 0.056 True
122 com.google.android.youtube 4 14.379999876022339 15.697000000000001 15.936999933242799 15.971999933242799 s.ytimg.com:50147 15.435719 15.701719 0.056 True
123 com.google.android.youtube 4 14.379999876022339 15.697000000000001 15.936999933242799 15.971999933242799 i.ytimg.com:35101 15.471007 15.702007 73.082 False
124 com.google.android.youtube 4 14.379999876022339 15.697000000000001 15.936999933242799 15.971999933242799 yt3.ggpht.com:44270 15.471266 15.560266 4.679 False
125 com.google.android.youtube 4 14.379999876022339 15.697000000000001 15.936999933242799 15.971999933242799 www.youtube.com:43098 15.885792 15.917792 0.234 False
126 com.google.android.youtube 5 13.90999984741211 15.762 15.743999895095826 15.764999895095825 youtubei.googleapis.com:54093 0.0 0.966 23.297 False
127 com.google.android.youtube 5 13.90999984741211 15.762 15.743999895095826 15.764999895095825 i.ytimg.com:34738 0.01152 0.7085199999999999 9.935 False
128 com.google.android.youtube 5 13.90999984741211 15.762 15.743999895095826 15.764999895095825 youtubei.googleapis.com:44380 0.013143 0.317143 0.0 False
129 com.google.android.youtube 5 13.90999984741211 15.762 15.743999895095826 15.764999895095825 i.ytimg.com:55998 0.019005 0.314005 0.0 False
130 com.google.android.youtube 5 13.90999984741211 15.762 15.743999895095826 15.764999895095825 www.googleadservices.com:36907 0.356722 0.888722 0.976 False
131 com.google.android.youtube 5 13.90999984741211 15.762 15.743999895095826 15.764999895095825 youtubei.googleapis.com:44380 0.581653 0.638653 0.056 False
132 com.google.android.youtube 5 13.90999984741211 15.762 15.743999895095826 15.764999895095825 i.ytimg.com:55998 0.618249 0.6822490000000001 0.056 False
133 com.google.android.youtube 5 13.90999984741211 15.762 15.743999895095826 15.764999895095825 yt3.ggpht.com:36624 1.097584 1.3985839999999998 8.979 False
134 com.google.android.youtube 5 13.90999984741211 15.762 15.743999895095826 15.764999895095825 suggestqueries.google.com:45554 1.28104 1.6290399999999998 5.134 False
135 com.google.android.youtube 5 13.90999984741211 15.762 15.743999895095826 15.764999895095825 youtubei.googleapis.com:54093 1.498893 1.499893 13.637 False
136 com.google.android.youtube 5 13.90999984741211 15.762 15.743999895095826 15.764999895095825 www.youtube.com:33213 1.861437 2.425437 10.612 False
137 com.google.android.youtube 5 13.90999984741211 15.762 15.743999895095826 15.764999895095825 i2.ytimg.com:56003 1.892071 2.210071 32.254 False
138 com.google.android.youtube 5 13.90999984741211 15.762 15.743999895095826 15.764999895095825 yt3.ggpht.com:36624 1.900857 1.983857 7.35 False
139 com.google.android.youtube 5 13.90999984741211 15.762 15.743999895095826 15.764999895095825 i.ytimg.com:34738 1.984761 2.072761 34.45 False
140 com.google.android.youtube 5 13.90999984741211 15.762 15.743999895095826 15.764999895095825 redirector.googlevideo.com:51091 2.784483 3.316483 10.768 False
141 com.google.android.youtube 5 13.90999984741211 15.762 15.743999895095826 15.764999895095825 redirector.googlevideo.com:44358 2.78858 3.11858 2.86 False
142 com.google.android.youtube 5 13.90999984741211 15.762 15.743999895095826 15.764999895095825 redirector.googlevideo.com:44359 2.795735 3.111735 2.861 False
143 com.google.android.youtube 5 13.90999984741211 15.762 15.743999895095826 15.764999895095825 redirector.googlevideo.com:44360 2.79699 3.11099 2.861 False
144 com.google.android.youtube 5 13.90999984741211 15.762 15.743999895095826 15.764999895095825 r3---sn-aigl6n7s.googlevideo.com:49703 3.169349 3.538349 8.15 False
145 com.google.android.youtube 5 13.90999984741211 15.762 15.743999895095826 15.764999895095825 r4---sn-aigl6n76.googlevideo.com:40053 3.170389 3.555389 8.15 False
146 com.google.android.youtube 5 13.90999984741211 15.762 15.743999895095826 15.764999895095825 r3---sn-aigzrn7s.googlevideo.com:57300 3.305774 3.481774 7.852 False
147 com.google.android.youtube 5 13.90999984741211 15.762 15.743999895095826 15.764999895095825 youtubei.googleapis.com:54093 14.673286000000001 14.742286000000002 1.198 False
148 com.google.android.youtube 5 13.90999984741211 15.762 15.743999895095826 15.764999895095825 www.youtube.com:33213 14.783038 14.827038 0.233 False
149 com.google.android.youtube 5 13.90999984741211 15.762 15.743999895095826 15.764999895095825 youtubei.googleapis.com:54093 15.26231 15.32631 11.325 False
150 com.google.android.youtube 5 13.90999984741211 15.762 15.743999895095826 15.764999895095825 s.ytimg.com:50158 15.443966 15.799966 6.45 True
151 com.google.android.youtube 5 13.90999984741211 15.762 15.743999895095826 15.764999895095825 s.ytimg.com:50159 15.444428 15.743428 0.056 True
152 com.google.android.youtube 5 13.90999984741211 15.762 15.743999895095826 15.764999895095825 s.ytimg.com:50160 15.445225 15.768225000000001 0.056 True
153 com.google.android.youtube 5 13.90999984741211 15.762 15.743999895095826 15.764999895095825 s.ytimg.com:50161 15.446342 15.786342 0.056 True
154 com.google.android.youtube 5 13.90999984741211 15.762 15.743999895095826 15.764999895095825 i.ytimg.com:34738 15.502967 15.768967 73.047 False
155 com.google.android.youtube 5 13.90999984741211 15.762 15.743999895095826 15.764999895095825 yt3.ggpht.com:36624 15.50751 15.65451 4.675 False
156 com.google.android.youtube 5 13.90999984741211 15.762 15.743999895095826 15.764999895095825 www.youtube.com:33213 15.968491 15.999491 0.235 False
157 com.google.android.youtube 6 14.299999952316284 15.544 15.890000019073486 15.890000019073486 youtubei.googleapis.com:54330 0.0 0.985 20.672 False
158 com.google.android.youtube 6 14.299999952316284 15.544 15.890000019073486 15.890000019073486 i.ytimg.com:40044 0.007252 0.519252 7.235 False
159 com.google.android.youtube 6 14.299999952316284 15.544 15.890000019073486 15.890000019073486 youtubei.googleapis.com:44394 0.008065 0.343065 0.056 False
160 com.google.android.youtube 6 14.299999952316284 15.544 15.890000019073486 15.890000019073486 i.ytimg.com:56012 0.008483 0.375483 0.056 False
161 com.google.android.youtube 6 14.299999952316284 15.544 15.890000019073486 15.890000019073486 www.googleadservices.com:36920 0.381598 0.641598 0.935 False
162 com.google.android.youtube 6 14.299999952316284 15.544 15.890000019073486 15.890000019073486 cdn.optimizely.com:49799 0.475377 0.703377 0.0 False
163 com.google.android.youtube 6 14.299999952316284 15.544 15.890000019073486 15.890000019073486 yt3.ggpht.com:56346 1.070755 1.380755 8.979 False
164 com.google.android.youtube 6 14.299999952316284 15.544 15.890000019073486 15.890000019073486 suggestqueries.google.com:45566 1.290897 1.624897 5.126 False
165 com.google.android.youtube 6 14.299999952316284 15.544 15.890000019073486 15.890000019073486 youtubei.googleapis.com:54330 1.493743 1.507743 10.092 False
166 com.google.android.youtube 6 14.299999952316284 15.544 15.890000019073486 15.890000019073486 www.youtube.com:53614 1.879331 2.231331 10.605 False
167 com.google.android.youtube 6 14.299999952316284 15.544 15.890000019073486 15.890000019073486 yt3.ggpht.com:56346 1.937635 2.035635 49.143 False
168 com.google.android.youtube 6 14.299999952316284 15.544 15.890000019073486 15.890000019073486 i.ytimg.com:40044 2.009813 2.092813 51.141 False
169 com.google.android.youtube 6 14.299999952316284 15.544 15.890000019073486 15.890000019073486 cdn.optimizely.com:53645 2.7489179999999998 2.9749179999999997 0.0 False
170 com.google.android.youtube 6 14.299999952316284 15.544 15.890000019073486 15.890000019073486 redirector.googlevideo.com:44758 2.8662549999999998 3.332255 10.797 False
171 com.google.android.youtube 6 14.299999952316284 15.544 15.890000019073486 15.890000019073486 redirector.googlevideo.com:44369 2.869081 3.115081 2.86 False
172 com.google.android.youtube 6 14.299999952316284 15.544 15.890000019073486 15.890000019073486 redirector.googlevideo.com:44370 2.872459 3.142459 2.86 False
173 com.google.android.youtube 6 14.299999952316284 15.544 15.890000019073486 15.890000019073486 redirector.googlevideo.com:44371 2.878331 3.1153310000000003 2.859 False
174 com.google.android.youtube 6 14.299999952316284 15.544 15.890000019073486 15.890000019073486 r5---sn-aigzrn7z.googlevideo.com:42104 3.217168 3.395168 8.159 False
175 com.google.android.youtube 6 14.299999952316284 15.544 15.890000019073486 15.890000019073486 r1---sn-aigzrn7z.googlevideo.com:38184 3.218094 3.415094 7.854 False
176 com.google.android.youtube 6 14.299999952316284 15.544 15.890000019073486 15.890000019073486 r4---sn-aigl6ned.googlevideo.com:42270 3.250737 3.424737 8.136 False
177 com.google.android.youtube 6 14.299999952316284 15.544 15.890000019073486 15.890000019073486 cdn.optimizely.com:37551 7.023391 7.284391 0.0 False
178 com.google.android.youtube 6 14.299999952316284 15.544 15.890000019073486 15.890000019073486 youtubei.googleapis.com:54330 14.575666 14.626666 1.198 False
179 com.google.android.youtube 6 14.299999952316284 15.544 15.890000019073486 15.890000019073486 www.youtube.com:53614 14.707032 14.745032 0.235 False
180 com.google.android.youtube 6 14.299999952316284 15.544 15.890000019073486 15.890000019073486 youtubei.googleapis.com:54330 15.092181 15.239181 12.791 False
181 com.google.android.youtube 6 14.299999952316284 15.544 15.890000019073486 15.890000019073486 s.ytimg.com:50169 15.240019 15.484019 0.056 True
182 com.google.android.youtube 6 14.299999952316284 15.544 15.890000019073486 15.890000019073486 s.ytimg.com:50170 15.243306 15.484306 0.056 True
183 com.google.android.youtube 6 14.299999952316284 15.544 15.890000019073486 15.890000019073486 s.ytimg.com:50171 15.245131 15.541131 6.449 True
184 com.google.android.youtube 6 14.299999952316284 15.544 15.890000019073486 15.890000019073486 s.ytimg.com:50172 15.249944 15.528944 0.056 True
185 com.google.android.youtube 6 14.299999952316284 15.544 15.890000019073486 15.890000019073486 i.ytimg.com:40044 15.332281 15.552281 73.138 False
186 com.google.android.youtube 6 14.299999952316284 15.544 15.890000019073486 15.890000019073486 yt3.ggpht.com:56346 15.33281 15.443810000000001 4.679 False
187 com.google.android.youtube 6 14.299999952316284 15.544 15.890000019073486 15.890000019073486 www.youtube.com:53614 15.695386 15.735385999999998 0.234 False
188 com.google.android.youtube 7 14.139999866485596 15.945 16.1489999332428 16.1489999332428 i.ytimg.com:50200 0.0 0.819 9.935 False
189 com.google.android.youtube 7 14.139999866485596 15.945 16.1489999332428 16.1489999332428 youtubei.googleapis.com:37075 0.000871 1.022871 23.202 False
190 com.google.android.youtube 7 14.139999866485596 15.945 16.1489999332428 16.1489999332428 i.ytimg.com:56023 0.001407 0.712407 0.056 False
191 com.google.android.youtube 7 14.139999866485596 15.945 16.1489999332428 16.1489999332428 youtubei.googleapis.com:44407 0.001837 0.680837 0.056 False
192 com.google.android.youtube 7 14.139999866485596 15.945 16.1489999332428 16.1489999332428 www.googleadservices.com:36932 0.532239 0.812239 0.976 False
193 com.google.android.youtube 7 14.139999866485596 15.945 16.1489999332428 16.1489999332428 yt3.ggpht.com:36453 1.126029 1.432029 8.979 False
194 com.google.android.youtube 7 14.139999866485596 15.945 16.1489999332428 16.1489999332428 suggestqueries.google.com:45578 1.319881 1.7098810000000002 5.278 False
195 com.google.android.youtube 7 14.139999866485596 15.945 16.1489999332428 16.1489999332428 youtubei.googleapis.com:37075 1.471687 1.566687 10.06 False
196 com.google.android.youtube 7 14.139999866485596 15.945 16.1489999332428 16.1489999332428 www.youtube.com:46055 1.972492 2.369492 10.603 False
197 com.google.android.youtube 7 14.139999866485596 15.945 16.1489999332428 16.1489999332428 yt3.ggpht.com:36453 2.044801 2.239801 48.281 False
198 com.google.android.youtube 7 14.139999866485596 15.945 16.1489999332428 16.1489999332428 i.ytimg.com:50200 2.115902 2.116902 13.593 False
199 com.google.android.youtube 7 14.139999866485596 15.945 16.1489999332428 16.1489999332428 redirector.googlevideo.com:51064 2.8316090000000003 3.332609 10.79 False
200 com.google.android.youtube 7 14.139999866485596 15.945 16.1489999332428 16.1489999332428 redirector.googlevideo.com:44381 2.832087 3.146087 2.859 False
201 com.google.android.youtube 7 14.139999866485596 15.945 16.1489999332428 16.1489999332428 redirector.googlevideo.com:44382 2.833432 3.152432 2.861 False
202 com.google.android.youtube 7 14.139999866485596 15.945 16.1489999332428 16.1489999332428 redirector.googlevideo.com:44383 2.836766 3.1407659999999997 2.86 False
203 com.google.android.youtube 7 14.139999866485596 15.945 16.1489999332428 16.1489999332428 edge-mqtt.facebook.com:51802 3.097989 3.431989 0.23 False
204 com.google.android.youtube 7 14.139999866485596 15.945 16.1489999332428 16.1489999332428 r5---sn-aigl6n76.googlevideo.com:42361 3.191653 3.372653 8.136 False
205 com.google.android.youtube 7 14.139999866485596 15.945 16.1489999332428 16.1489999332428 r1---sn-aigl6ney.googlevideo.com:47049 3.208484 3.380484 8.164 False
206 com.google.android.youtube 7 14.139999866485596 15.945 16.1489999332428 16.1489999332428 r4---sn-aigl6ned.googlevideo.com:54320 3.262914 3.412914 8.133 False
207 com.google.android.youtube 7 14.139999866485596 15.945 16.1489999332428 16.1489999332428 youtubei.googleapis.com:37075 14.632595 14.808595 1.198 False
208 com.google.android.youtube 7 14.139999866485596 15.945 16.1489999332428 16.1489999332428 www.youtube.com:46055 14.848797 14.897796999999999 0.235 False
209 com.google.android.youtube 7 14.139999866485596 15.945 16.1489999332428 16.1489999332428 youtubei.googleapis.com:37075 15.298566 15.353565999999999 11.548 False
210 com.google.android.youtube 7 14.139999866485596 15.945 16.1489999332428 16.1489999332428 s.ytimg.com:50182 15.482972 15.988972 0.056 True
211 com.google.android.youtube 7 14.139999866485596 15.945 16.1489999332428 16.1489999332428 s.ytimg.com:50183 15.483331 15.952331 0.056 True
212 com.google.android.youtube 7 14.139999866485596 15.945 16.1489999332428 16.1489999332428 s.ytimg.com:50184 15.485467 15.931467 0.056 True
213 com.google.android.youtube 7 14.139999866485596 15.945 16.1489999332428 16.1489999332428 s.ytimg.com:50185 15.488101 16.022101 6.451 True
214 com.google.android.youtube 7 14.139999866485596 15.945 16.1489999332428 16.1489999332428 i.ytimg.com:50200 15.540812 15.952812000000002 73.16 False
215 com.google.android.youtube 7 14.139999866485596 15.945 16.1489999332428 16.1489999332428 yt3.ggpht.com:36453 15.543048 15.819048 4.819 False
216 com.google.android.youtube 7 14.139999866485596 15.945 16.1489999332428 16.1489999332428 www.youtube.com:46055 16.207929 16.242929 0.234 False
217 com.google.android.youtube 8 14.490000009536743 15.663 16.23399981880188 16.27399981880188 i.ytimg.com:40323 0.0 0.593 7.207 False
218 com.google.android.youtube 8 14.490000009536743 15.663 16.23399981880188 16.27399981880188 youtubei.googleapis.com:58219 0.009237 0.956237 20.688 False
219 com.google.android.youtube 8 14.490000009536743 15.663 16.23399981880188 16.27399981880188 i.ytimg.com:56036 0.013191 0.380191 0.056 False
220 com.google.android.youtube 8 14.490000009536743 15.663 16.23399981880188 16.27399981880188 youtubei.googleapis.com:44420 0.014028 0.347028 0.056 False
221 com.google.android.youtube 8 14.490000009536743 15.663 16.23399981880188 16.27399981880188 www.googleadservices.com:36945 0.362411 0.6344110000000001 0.976 False
222 com.google.android.youtube 8 14.490000009536743 15.663 16.23399981880188 16.27399981880188 yt3.ggpht.com:54165 1.06033 1.39233 8.979 False
223 com.google.android.youtube 8 14.490000009536743 15.663 16.23399981880188 16.27399981880188 suggestqueries.google.com:45591 1.2719420000000001 1.578942 5.066 False
224 com.google.android.youtube 8 14.490000009536743 15.663 16.23399981880188 16.27399981880188 youtubei.googleapis.com:58219 1.427435 1.475435 10.073 False
225 com.google.android.youtube 8 14.490000009536743 15.663 16.23399981880188 16.27399981880188 www.youtube.com:43792 1.827275 2.4082749999999997 11.998 False
226 com.google.android.youtube 8 14.490000009536743 15.663 16.23399981880188 16.27399981880188 yt3.ggpht.com:54165 1.8793389999999999 2.204339 15.644 False
227 com.google.android.youtube 8 14.490000009536743 15.663 16.23399981880188 16.27399981880188 i.ytimg.com:40323 1.897491 2.308491 56.681 False
228 com.google.android.youtube 8 14.490000009536743 15.663 16.23399981880188 16.27399981880188 www.youtube.com:54663 2.130238 2.408238 2.899 False
229 com.google.android.youtube 8 14.490000009536743 15.663 16.23399981880188 16.27399981880188 redirector.googlevideo.com:34639 2.718287 3.2452870000000003 11.263 False
230 com.google.android.youtube 8 14.490000009536743 15.663 16.23399981880188 16.27399981880188 redirector.googlevideo.com:44395 2.721949 3.1309489999999998 2.86 False
231 com.google.android.youtube 8 14.490000009536743 15.663 16.23399981880188 16.27399981880188 redirector.googlevideo.com:44396 2.725342 3.131342 2.859 False
232 com.google.android.youtube 8 14.490000009536743 15.663 16.23399981880188 16.27399981880188 redirector.googlevideo.com:44397 2.7287 3.0646999999999998 2.86 False
233 com.google.android.youtube 8 14.490000009536743 15.663 16.23399981880188 16.27399981880188 r4---sn-aigl6n7z.googlevideo.com:48783 3.165832 3.362832 7.877 False
234 com.google.android.youtube 8 14.490000009536743 15.663 16.23399981880188 16.27399981880188 r6---sn-aigl6n76.googlevideo.com:57312 3.167994 3.377994 8.159 False
235 com.google.android.youtube 8 14.490000009536743 15.663 16.23399981880188 16.27399981880188 r1---sn-aigzrn7l.googlevideo.com:33823 3.184985 3.407985 8.043 False
236 com.google.android.youtube 8 14.490000009536743 15.663 16.23399981880188 16.27399981880188 youtubei.googleapis.com:58219 14.631916 14.716916000000001 1.198 False
237 com.google.android.youtube 8 14.490000009536743 15.663 16.23399981880188 16.27399981880188 www.youtube.com:43792 14.768638 14.829638 0.235 False
238 com.google.android.youtube 8 14.490000009536743 15.663 16.23399981880188 16.27399981880188 youtubei.googleapis.com:58219 15.238718 15.303718 11.593 False
239 com.google.android.youtube 8 14.490000009536743 15.663 16.23399981880188 16.27399981880188 s.ytimg.com:50195 15.407447 15.708447 6.451 True
240 com.google.android.youtube 8 14.490000009536743 15.663 16.23399981880188 16.27399981880188 s.ytimg.com:50196 15.408447 15.684447 0.056 True
241 com.google.android.youtube 8 14.490000009536743 15.663 16.23399981880188 16.27399981880188 s.ytimg.com:50197 15.409431 15.704431 0.056 True
242 com.google.android.youtube 8 14.490000009536743 15.663 16.23399981880188 16.27399981880188 s.ytimg.com:50198 15.409921 15.704921 0.056 True
243 com.google.android.youtube 8 14.490000009536743 15.663 16.23399981880188 16.27399981880188 i.ytimg.com:40323 15.444795 15.666794999999999 73.171 False
244 com.google.android.youtube 8 14.490000009536743 15.663 16.23399981880188 16.27399981880188 yt3.ggpht.com:54165 15.445662 15.581662 4.675 False
245 com.google.android.youtube 8 14.490000009536743 15.663 16.23399981880188 16.27399981880188 www.youtube.com:43792 15.883931 15.940931 0.235 False
246 com.google.android.youtube 9 14.309999942779541 15.448 15.850999999999999 15.892 youtubei.googleapis.com:54873 0.0 1.446 32.438 False
247 com.google.android.youtube 9 14.309999942779541 15.448 15.850999999999999 15.892 i.ytimg.com:32934 0.001147 0.546147 8.593 False
248 com.google.android.youtube 9 14.309999942779541 15.448 15.850999999999999 15.892 youtubei.googleapis.com:44431 0.001768 0.356768 0.056 False
249 com.google.android.youtube 9 14.309999942779541 15.448 15.850999999999999 15.892 i.ytimg.com:56049 0.005692 0.318692 0.056 False
250 com.google.android.youtube 9 14.309999942779541 15.448 15.850999999999999 15.892 www.googleadservices.com:36957 0.342355 0.6153550000000001 0.976 False
251 com.google.android.youtube 9 14.309999942779541 15.448 15.850999999999999 15.892 yt3.ggpht.com:34177 1.135565 1.4565649999999999 8.979 False
252 com.google.android.youtube 9 14.309999942779541 15.448 15.850999999999999 15.892 suggestqueries.google.com:45603 1.308349 1.607349 5.318 False
253 com.google.android.youtube 9 14.309999942779541 15.448 15.850999999999999 15.892 www.youtube.com:33312 1.92682 2.48782 12.099 False
254 com.google.android.youtube 9 14.309999942779541 15.448 15.850999999999999 15.892 yt3.ggpht.com:34177 1.992927 2.376927 169.255 False
255 com.google.android.youtube 9 14.309999942779541 15.448 15.850999999999999 15.892 i.ytimg.com:32934 2.050381 2.057381 9.919 False
256 com.google.android.youtube 9 14.309999942779541 15.448 15.850999999999999 15.892 redirector.googlevideo.com:42988 2.862091 3.296091 11.242 False
257 com.google.android.youtube 9 14.309999942779541 15.448 15.850999999999999 15.892 redirector.googlevideo.com:44406 2.867114 3.196114 2.859 False
258 com.google.android.youtube 9 14.309999942779541 15.448 15.850999999999999 15.892 redirector.googlevideo.com:44407 2.870401 3.178401 2.86 False
259 com.google.android.youtube 9 14.309999942779541 15.448 15.850999999999999 15.892 redirector.googlevideo.com:44408 2.8736990000000002 3.1956990000000003 2.86 False
260 com.google.android.youtube 9 14.309999942779541 15.448 15.850999999999999 15.892 r3---sn-aigl6n76.googlevideo.com:46606 3.264888 3.446888 8.133 False
261 com.google.android.youtube 9 14.309999942779541 15.448 15.850999999999999 15.892 r3---sn-aigl6ney.googlevideo.com:55631 3.287238 3.596238 8.734 False
262 com.google.android.youtube 9 14.309999942779541 15.448 15.850999999999999 15.892 r5---sn-aigl6ney.googlevideo.com:43798 3.319292 3.487292 8.136 False
263 com.google.android.youtube 9 14.309999942779541 15.448 15.850999999999999 15.892 youtubei.googleapis.com:54873 14.505748 14.594748000000001 1.198 False
264 com.google.android.youtube 9 14.309999942779541 15.448 15.850999999999999 15.892 www.youtube.com:33312 14.650831 14.688831 0.234 False
265 com.google.android.youtube 9 14.309999942779541 15.448 15.850999999999999 15.892 youtubei.googleapis.com:54873 15.039074 15.191073999999999 12.937 False
266 com.google.android.youtube 9 14.309999942779541 15.448 15.850999999999999 15.892 s.ytimg.com:50206 15.206582 15.441581999999999 0.056 True
267 com.google.android.youtube 9 14.309999942779541 15.448 15.850999999999999 15.892 s.ytimg.com:50207 15.207214 15.463214 0.056 True
268 com.google.android.youtube 9 14.309999942779541 15.448 15.850999999999999 15.892 s.ytimg.com:50208 15.207861 15.511861 6.45 True
269 com.google.android.youtube 9 14.309999942779541 15.448 15.850999999999999 15.892 s.ytimg.com:50209 15.208361 15.473361 0.056 True
270 com.google.android.youtube 9 14.309999942779541 15.448 15.850999999999999 15.892 i.ytimg.com:32934 15.248997 15.453997 73.067 False
271 com.google.android.youtube 9 14.309999942779541 15.448 15.850999999999999 15.892 yt3.ggpht.com:34177 15.24952 15.34852 4.68 False
272 com.google.android.youtube 9 14.309999942779541 15.448 15.850999999999999 15.892 www.youtube.com:33312 15.689081 15.713080999999999 0.234 False
273 com.google.android.youtube 10 14.109999895095825 15.651 15.869999990463256 15.887999990463257 i.ytimg.com:33551 0.0 0.129 4.078 False
274 com.google.android.youtube 10 14.109999895095825 15.651 15.869999990463256 15.887999990463257 youtubei.googleapis.com:39522 0.005148 0.124148 4.078 False
275 com.google.android.youtube 10 14.109999895095825 15.651 15.869999990463256 15.887999990463257 i.ytimg.com:56059 0.00728 0.20528000000000002 0.0 False
276 com.google.android.youtube 10 14.109999895095825 15.651 15.869999990463256 15.887999990463257 youtubei.googleapis.com:44443 0.00778 0.21278 0.0 False
277 com.google.android.youtube 10 14.109999895095825 15.651 15.869999990463256 15.887999990463257 i.ytimg.com:56059 0.536112 0.669112 0.056 False
278 com.google.android.youtube 10 14.109999895095825 15.651 15.869999990463256 15.887999990463257 youtubei.googleapis.com:44443 0.542405 0.669405 0.056 False
279 com.google.android.youtube 10 14.109999895095825 15.651 15.869999990463256 15.887999990463257 youtubei.googleapis.com:39522 0.547176 0.949176 15.054 False
280 com.google.android.youtube 10 14.109999895095825 15.651 15.869999990463256 15.887999990463257 i.ytimg.com:33551 0.547576 0.7885759999999999 1.779 False
281 com.google.android.youtube 10 14.109999895095825 15.651 15.869999990463256 15.887999990463257 www.googleadservices.com:36968 0.557889 0.908889 0.976 False
282 com.google.android.youtube 10 14.109999895095825 15.651 15.869999990463256 15.887999990463257 yt3.ggpht.com:34639 1.058567 1.4085670000000001 8.979 False
283 com.google.android.youtube 10 14.109999895095825 15.651 15.869999990463256 15.887999990463257 suggestqueries.google.com:45614 1.257723 1.575723 5.206 False
284 com.google.android.youtube 10 14.109999895095825 15.651 15.869999990463256 15.887999990463257 youtubei.googleapis.com:39522 1.5587360000000001 1.5607360000000001 10.169 False
285 com.google.android.youtube 10 14.109999895095825 15.651 15.869999990463256 15.887999990463257 www.youtube.com:59831 1.868302 2.509302 11.998 False
286 com.google.android.youtube 10 14.109999895095825 15.651 15.869999990463256 15.887999990463257 yt3.ggpht.com:34639 1.914928 2.283928 101.428 False
287 com.google.android.youtube 10 14.109999895095825 15.651 15.869999990463256 15.887999990463257 i.ytimg.com:33551 2.130284 2.187284 51.755 False
288 com.google.android.youtube 10 14.109999895095825 15.651 15.869999990463256 15.887999990463257 redirector.googlevideo.com:59003 2.723068 3.229068 10.769 False
289 com.google.android.youtube 10 14.109999895095825 15.651 15.869999990463256 15.887999990463257 redirector.googlevideo.com:44417 2.727297 2.9992970000000003 2.859 False
290 com.google.android.youtube 10 14.109999895095825 15.651 15.869999990463256 15.887999990463257 redirector.googlevideo.com:44418 2.730925 2.971925 2.859 False
291 com.google.android.youtube 10 14.109999895095825 15.651 15.869999990463256 15.887999990463257 redirector.googlevideo.com:44419 2.734023 2.999023 2.86 False
292 com.google.android.youtube 10 14.109999895095825 15.651 15.869999990463256 15.887999990463257 r4---sn-aigs6n7y.googlevideo.com:56304 3.096697 3.2786969999999998 7.88 False
293 com.google.android.youtube 10 14.109999895095825 15.651 15.869999990463256 15.887999990463257 r3---sn-aigzrn7z.googlevideo.com:53630 3.127033 3.418033 8.466 False
294 com.google.android.youtube 10 14.109999895095825 15.651 15.869999990463256 15.887999990463257 r4---sn-aigl6nek.googlevideo.com:50155 3.168041 3.3160410000000002 7.882 False
295 com.google.android.youtube 10 14.109999895095825 15.651 15.869999990463256 15.887999990463257 youtubei.googleapis.com:39522 14.643388 14.723388 1.198 False
296 com.google.android.youtube 10 14.109999895095825 15.651 15.869999990463256 15.887999990463257 www.youtube.com:59831 14.767658 14.799658 0.234 False
297 com.google.android.youtube 10 14.109999895095825 15.651 15.869999990463256 15.887999990463257 youtubei.googleapis.com:39522 15.174013 15.238013 11.599 False
298 com.google.android.youtube 10 14.109999895095825 15.651 15.869999990463256 15.887999990463257 s.ytimg.com:50217 15.359075 15.683075 0.056 True
299 com.google.android.youtube 10 14.109999895095825 15.651 15.869999990463256 15.887999990463257 s.ytimg.com:50218 15.359476 15.688476000000001 6.45 True
300 com.google.android.youtube 10 14.109999895095825 15.651 15.869999990463256 15.887999990463257 s.ytimg.com:50219 15.360298 15.634298000000001 0.056 True
301 com.google.android.youtube 10 14.109999895095825 15.651 15.869999990463256 15.887999990463257 s.ytimg.com:50220 15.367731 15.633731 0.056 True
302 com.google.android.youtube 10 14.109999895095825 15.651 15.869999990463256 15.887999990463257 i.ytimg.com:33551 15.426739 15.658738999999999 73.163 False
303 com.google.android.youtube 10 14.109999895095825 15.651 15.869999990463256 15.887999990463257 yt3.ggpht.com:34639 15.427283 15.564283 4.68 False
304 com.google.android.youtube 10 14.109999895095825 15.651 15.869999990463256 15.887999990463257 www.youtube.com:59831 15.861416 15.906416 0.234 False
