 app expId t_click TDT AFT Last_Visual_Change flow t_start t_end KB critical
0 com.ubercab 1 7.3999998569488525 10.103 9.654999923706054 26.657999923706054 cn-phx2.cfe.uber.com:38434 0.0 0.464 2.813 False
1 com.ubercab 1 7.3999998569488525 10.103 9.654999923706054 26.657999923706054 d1w2poirtb3as9.cloudfront.net:38546 0.678513 1.2415129999999999 5.505 False
2 com.ubercab 1 7.3999998569488525 10.103 9.654999923706054 26.657999923706054 cn-phx2.cfe.uber.com:58825 0.812875 1.091875 0.831 False
3 com.ubercab 1 7.3999998569488525 10.103 9.654999923706054 26.657999923706054 cn-phx2.cfe.uber.com:42417 1.034225 1.550225 3.103 False
4 com.ubercab 1 7.3999998569488525 10.103 9.654999923706054 26.657999923706054 www.paypalobjects.com:38218 1.518484 1.758484 0.0 False
5 com.ubercab 1 7.3999998569488525 10.103 9.654999923706054 26.657999923706054 7336.engine.mobileapptracking.com:46016 1.535762 2.330762 0.0 False
6 com.ubercab 1 7.3999998569488525 10.103 9.654999923706054 26.657999923706054 api.braintreegateway.com:52560 1.560054 2.344054 1.848 False
7 com.ubercab 1 7.3999998569488525 10.103 9.654999923706054 26.657999923706054 cn-phx2.cfe.uber.com:58825 2.344484 2.694484 6.937 False
8 com.ubercab 1 7.3999998569488525 10.103 9.654999923706054 26.657999923706054 cn-phx2.cfe.uber.com:42417 2.346053 2.737053 3.917 False
9 com.ubercab 1 7.3999998569488525 10.103 9.654999923706054 26.657999923706054 twitter.com:51434 2.532395 3.2883950000000004 4.419 False
10 com.ubercab 1 7.3999998569488525 10.103 9.654999923706054 26.657999923706054 clients4.google.com:49007 2.8794779999999998 3.297478 1.116 False
11 com.ubercab 1 7.3999998569488525 10.103 9.654999923706054 26.657999923706054 cn-phx2.cfe.uber.com:58825 2.977307 2.977307 0.324 False
12 com.ubercab 1 7.3999998569488525 10.103 9.654999923706054 26.657999923706054 cn-phx2.cfe.uber.com:42417 3.014444 3.074444 0.551 False
13 com.ubercab 1 7.3999998569488525 10.103 9.654999923706054 26.657999923706054 d1w2poirtb3as9.cloudfront.net:38546 3.038297 3.122297 5.529 False
14 com.ubercab 1 7.3999998569488525 10.103 9.654999923706054 26.657999923706054 clients4.google.com:41997 3.3480090000000002 3.5930090000000003 13.785 False
15 com.ubercab 1 7.3999998569488525 10.103 9.654999923706054 26.657999923706054 cn-phx2.cfe.uber.com:42417 3.5422510000000003 3.543251 0.962 False
16 com.ubercab 1 7.3999998569488525 10.103 9.654999923706054 26.657999923706054 cn-phx2.cfe.uber.com:58825 3.724863 3.773863 0.514 False
17 com.ubercab 1 7.3999998569488525 10.103 9.654999923706054 26.657999923706054 csi.gstatic.com:58051 3.823309 4.117309 0.671 False
18 com.ubercab 1 7.3999998569488525 10.103 9.654999923706054 26.657999923706054 cn-phx2.cfe.uber.com:42417 4.087871 4.087871 0.891 False
19 com.ubercab 1 7.3999998569488525 10.103 9.654999923706054 26.657999923706054 cn-phx2.cfe.uber.com:58825 4.10487 4.46487 46.889 False
20 com.ubercab 1 7.3999998569488525 10.103 9.654999923706054 26.657999923706054 cn-phx2.cfe.uber.com:42417 4.366726 4.368726 1.131 False
21 com.ubercab 1 7.3999998569488525 10.103 9.654999923706054 26.657999923706054 cn-phx2.cfe.uber.com:42417 4.699529 4.942529 2.045 False
22 com.ubercab 1 7.3999998569488525 10.103 9.654999923706054 26.657999923706054 clients4.google.com:41997 4.960514 5.545514 674.849 False
23 com.ubercab 1 7.3999998569488525 10.103 9.654999923706054 26.657999923706054 cn-phx2.cfe.uber.com:38434 4.999071 5.0540709999999995 14.241 False
24 com.ubercab 1 7.3999998569488525 10.103 9.654999923706054 26.657999923706054 cn-phx2.cfe.uber.com:38434 5.546448 5.547448 0.135 False
25 com.ubercab 1 7.3999998569488525 10.103 9.654999923706054 26.657999923706054 cn-phx2.cfe.uber.com:42417 7.6159040000000005 7.6159040000000005 0.278 False
26 com.ubercab 1 7.3999998569488525 10.103 9.654999923706054 26.657999923706054 cn-phx2.cfe.uber.com:42417 8.061355 8.679355000000001 6.703 False
27 com.ubercab 1 7.3999998569488525 10.103 9.654999923706054 26.657999923706054 clients4.google.com:41997 8.71556 8.82256 1.733 False
28 com.ubercab 1 7.3999998569488525 10.103 9.654999923706054 26.657999923706054 clients4.google.com:56917 8.77552 9.60052 80.437 False
29 com.ubercab 1 7.3999998569488525 10.103 9.654999923706054 26.657999923706054 cn-phx2.cfe.uber.com:58825 8.778701 8.778701 0.234 False
30 com.ubercab 1 7.3999998569488525 10.103 9.654999923706054 26.657999923706054 clients4.google.com:60682 9.343569 9.504569 1.591 False
31 com.ubercab 1 7.3999998569488525 10.103 9.654999923706054 26.657999923706054 clients4.google.com:41997 9.378114 9.378114 1.499 False
32 com.ubercab 1 7.3999998569488525 10.103 9.654999923706054 26.657999923706054 clients4.google.com:44474 9.416073 9.869073 67.169 False
33 com.ubercab 1 7.3999998569488525 10.103 9.654999923706054 26.657999923706054 clients4.google.com:41997 9.650245 9.674244999999999 19.841 False
34 com.ubercab 1 7.3999998569488525 10.103 9.654999923706054 26.657999923706054 clients4.google.com:60682 9.919413 10.110413000000001 248.648 False
35 com.ubercab 1 7.3999998569488525 10.103 9.654999923706054 26.657999923706054 cn-phx2.cfe.uber.com:38434 9.971577 9.971577 4.203 False
36 com.ubercab 1 7.3999998569488525 10.103 9.654999923706054 26.657999923706054 cn-phx2.cfe.uber.com:38434 10.38052 10.382520000000001 0.134 False
37 com.ubercab 1 7.3999998569488525 10.103 9.654999923706054 26.657999923706054 cn-phx2.cfe.uber.com:42417 12.149847 12.149847 0.279 False
38 com.ubercab 1 7.3999998569488525 10.103 9.654999923706054 26.657999923706054 cn-phx2.cfe.uber.com:42417 12.542047 12.545047 0.895 False
39 com.ubercab 1 7.3999998569488525 10.103 9.654999923706054 26.657999923706054 cn-phx2.cfe.uber.com:58825 13.820851 13.820851 0.212 False
40 com.ubercab 2 8.15999984741211 24.378 9.740999914169311 27.12999991416931 cn-phx2.cfe.uber.com:45640 0.0 0.742 2.951 False
41 com.ubercab 2 8.15999984741211 24.378 9.740999914169311 27.12999991416931 d1w2poirtb3as9.cloudfront.net:58907 0.45279 0.92079 5.505 False
42 com.ubercab 2 8.15999984741211 24.378 9.740999914169311 27.12999991416931 cn-phx2.cfe.uber.com:57448 0.527044 0.905044 1.513 False
43 com.ubercab 2 8.15999984741211 24.378 9.740999914169311 27.12999991416931 cn-phx2.cfe.uber.com:45522 0.729132 1.264132 3.291 False
44 com.ubercab 2 8.15999984741211 24.378 9.740999914169311 27.12999991416931 cn-phx2.cfe.uber.com:39472 0.897995 1.055995 0.181 False
45 com.ubercab 2 8.15999984741211 24.378 9.740999914169311 27.12999991416931 www.paypalobjects.com:51531 1.232553 1.374553 0.0 False
46 com.ubercab 2 8.15999984741211 24.378 9.740999914169311 27.12999991416931 api.braintreegateway.com:58067 1.26782 1.32182 0.0 False
47 com.ubercab 2 8.15999984741211 24.378 9.740999914169311 27.12999991416931 7336.engine.mobileapptracking.com:50110 1.268994 1.801994 0.0 False
48 com.ubercab 2 8.15999984741211 24.378 9.740999914169311 27.12999991416931 cn-phx2.cfe.uber.com:57448 1.526079 1.891079 7.015 False
49 com.ubercab 2 8.15999984741211 24.378 9.740999914169311 27.12999991416931 cn-phx2.cfe.uber.com:45522 1.5375999999999999 1.5395999999999999 3.323 False
50 com.ubercab 2 8.15999984741211 24.378 9.740999914169311 27.12999991416931 clients4.google.com:42785 1.765441 2.226441 1.942 False
51 com.ubercab 2 8.15999984741211 24.378 9.740999914169311 27.12999991416931 api.braintreegateway.com:58067 1.7873130000000002 1.9763130000000002 1.848 False
52 com.ubercab 2 8.15999984741211 24.378 9.740999914169311 27.12999991416931 cn-phx2.cfe.uber.com:45522 1.968666 2.128666 0.233 False
53 com.ubercab 2 8.15999984741211 24.378 9.740999914169311 27.12999991416931 cn-phx2.cfe.uber.com:33724 2.153028 2.561028 1.919 False
54 com.ubercab 2 8.15999984741211 24.378 9.740999914169311 27.12999991416931 d1w2poirtb3as9.cloudfront.net:58907 2.382714 2.456714 5.529 False
55 com.ubercab 2 8.15999984741211 24.378 9.740999914169311 27.12999991416931 clients4.google.com:58228 2.450149 2.796149 1.172 False
56 com.ubercab 2 8.15999984741211 24.378 9.740999914169311 27.12999991416931 clients4.google.com:42785 2.496907 2.615907 1.725 False
57 com.ubercab 2 8.15999984741211 24.378 9.740999914169311 27.12999991416931 cn-phx2.cfe.uber.com:33724 2.833365 2.837365 0.917 False
58 com.ubercab 2 8.15999984741211 24.378 9.740999914169311 27.12999991416931 csi.gstatic.com:47215 3.117671 3.4306710000000002 0.671 False
59 com.ubercab 2 8.15999984741211 24.378 9.740999914169311 27.12999991416931 cn-phx2.cfe.uber.com:57448 3.404716 3.903716 46.834 False
60 com.ubercab 2 8.15999984741211 24.378 9.740999914169311 27.12999991416931 cn-phx2.cfe.uber.com:33724 3.426378 3.426378 0.891 False
61 com.ubercab 2 8.15999984741211 24.378 9.740999914169311 27.12999991416931 cn-phx2.cfe.uber.com:33724 3.692139 3.693139 1.132 False
62 com.ubercab 2 8.15999984741211 24.378 9.740999914169311 27.12999991416931 cn-phx2.cfe.uber.com:33724 4.056229 4.056229 0.992 False
63 com.ubercab 2 8.15999984741211 24.378 9.740999914169311 27.12999991416931 cn-phx2.cfe.uber.com:33724 4.336199 4.337199 0.212 False
64 com.ubercab 2 8.15999984741211 24.378 9.740999914169311 27.12999991416931 cn-phx2.cfe.uber.com:45640 5.002729 5.036729 13.879 False
65 com.ubercab 2 8.15999984741211 24.378 9.740999914169311 27.12999991416931 cn-phx2.cfe.uber.com:45640 5.492849 5.495849 0.135 False
66 com.ubercab 2 8.15999984741211 24.378 9.740999914169311 27.12999991416931 cn-phx2.cfe.uber.com:33724 6.928828 6.928828 0.295 False
67 com.ubercab 2 8.15999984741211 24.378 9.740999914169311 27.12999991416931 cn-phx2.cfe.uber.com:33724 7.335415 7.339415 0.883 False
68 com.ubercab 2 8.15999984741211 24.378 9.740999914169311 27.12999991416931 cn-phx2.cfe.uber.com:57448 8.452684 8.452684 0.128 False
69 com.ubercab 2 8.15999984741211 24.378 9.740999914169311 27.12999991416931 cn-phx2.cfe.uber.com:33724 8.919198 9.232198 5.295 False
70 com.ubercab 2 8.15999984741211 24.378 9.740999914169311 27.12999991416931 clients4.google.com:42785 9.409316 9.508316 1.733 False
71 com.ubercab 2 8.15999984741211 24.378 9.740999914169311 27.12999991416931 cn-phx2.cfe.uber.com:45640 9.981403 9.981403 4.124 False
72 com.ubercab 2 8.15999984741211 24.378 9.740999914169311 27.12999991416931 cn-phx2.cfe.uber.com:45640 10.256431 10.257430999999999 0.134 False
73 com.ubercab 2 8.15999984741211 24.378 9.740999914169311 27.12999991416931 cn-phx2.cfe.uber.com:33724 10.30148 10.30248 0.237 False
74 com.ubercab 2 8.15999984741211 24.378 9.740999914169311 27.12999991416931 cn-phx2.cfe.uber.com:33724 11.449023 11.449023 0.519 False
75 com.ubercab 2 8.15999984741211 24.378 9.740999914169311 27.12999991416931 cn-phx2.cfe.uber.com:33724 11.892488 11.900488 0.967 False
76 com.ubercab 2 8.15999984741211 24.378 9.740999914169311 27.12999991416931 api-m.paypal.com:44625 13.247468 13.586468 0.0 False
77 com.ubercab 2 8.15999984741211 24.378 9.740999914169311 27.12999991416931 cn-phx2.cfe.uber.com:57448 13.401151 13.401151 0.097 False
78 com.ubercab 2 8.15999984741211 24.378 9.740999914169311 27.12999991416931 cn-phx2.cfe.uber.com:45640 15.012853 15.254853 2.32 False
79 com.ubercab 2 8.15999984741211 24.378 9.740999914169311 27.12999991416931 cn-phx2.cfe.uber.com:33724 15.999567 15.999567 0.299 False
80 com.ubercab 2 8.15999984741211 24.378 9.740999914169311 27.12999991416931 cn-phx2.cfe.uber.com:33724 16.538193 16.540193 1.036 False
81 com.ubercab 2 8.15999984741211 24.378 9.740999914169311 27.12999991416931 cn-phx2.cfe.uber.com:57448 18.454699 18.454699 0.085 False
82 com.ubercab 2 8.15999984741211 24.378 9.740999914169311 27.12999991416931 api-m.paypal.com:47856 20.26064 20.422639999999998 0.0 False
83 com.ubercab 2 8.15999984741211 24.378 9.740999914169311 27.12999991416931 cn-phx2.cfe.uber.com:33724 20.629128 20.629128 0.312 False
84 com.ubercab 2 8.15999984741211 24.378 9.740999914169311 27.12999991416931 cn-phx2.cfe.uber.com:33724 21.012409 21.018409000000002 1.06 False
85 com.ubercab 2 8.15999984741211 24.378 9.740999914169311 27.12999991416931 cn-phx2.cfe.uber.com:57448 23.412889 23.412889 0.121 False
86 com.ubercab 2 8.15999984741211 24.378 9.740999914169311 27.12999991416931 cn-phx2.cfe.uber.com:33724 24.082603 24.082603 0.551 False
87 com.ubercab 2 8.15999984741211 24.378 9.740999914169311 27.12999991416931 cn-phx2.cfe.uber.com:33724 24.377062 24.379061999999998 0.188 False
88 com.ubercab 2 8.15999984741211 24.378 9.740999914169311 27.12999991416931 cn-phx2.cfe.uber.com:33724 25.071845 25.071845 0.287 False
89 com.ubercab 2 8.15999984741211 24.378 9.740999914169311 27.12999991416931 cn-phx2.cfe.uber.com:33724 25.493318 25.499318 0.846 False
90 com.ubercab 3 7.7799999713897705 16.405 9.225000028610228 27.15000002861023 cn-phx2.cfe.uber.com:48635 0.0 0.518 2.861 False
91 com.ubercab 3 7.7799999713897705 16.405 9.225000028610228 27.15000002861023 d1w2poirtb3as9.cloudfront.net:39953 0.479363 0.997363 5.505 False
92 com.ubercab 3 7.7799999713897705 16.405 9.225000028610228 27.15000002861023 cn-phx2.cfe.uber.com:60733 0.565352 1.033352 1.426 False
93 com.ubercab 3 7.7799999713897705 16.405 9.225000028610228 27.15000002861023 cn-phx2.cfe.uber.com:41682 0.802893 1.378893 6.748 False
94 com.ubercab 3 7.7799999713897705 16.405 9.225000028610228 27.15000002861023 cn-phx2.cfe.uber.com:41691 0.902551 1.068551 0.181 False
95 com.ubercab 3 7.7799999713897705 16.405 9.225000028610228 27.15000002861023 www.paypalobjects.com:55240 1.244113 1.424113 0.0 False
96 com.ubercab 3 7.7799999713897705 16.405 9.225000028610228 27.15000002861023 7336.engine.mobileapptracking.com:48410 1.293527 1.8285270000000002 0.0 False
97 com.ubercab 3 7.7799999713897705 16.405 9.225000028610228 27.15000002861023 api.braintreegateway.com:59321 1.311752 1.994752 1.848 False
98 com.ubercab 3 7.7799999713897705 16.405 9.225000028610228 27.15000002861023 cn-phx2.cfe.uber.com:60733 1.41858 1.79758 5.863 False
99 com.ubercab 3 7.7799999713897705 16.405 9.225000028610228 27.15000002861023 clients4.google.com:40447 1.768919 2.2179189999999998 1.941 False
100 com.ubercab 3 7.7799999713897705 16.405 9.225000028610228 27.15000002861023 cn-phx2.cfe.uber.com:41682 1.9738250000000002 2.1378250000000003 0.222 False
101 com.ubercab 3 7.7799999713897705 16.405 9.225000028610228 27.15000002861023 cn-phx2.cfe.uber.com:60601 2.181721 2.591721 1.918 False
102 com.ubercab 3 7.7799999713897705 16.405 9.225000028610228 27.15000002861023 d1w2poirtb3as9.cloudfront.net:39953 2.362317 2.450317 5.505 False
103 com.ubercab 3 7.7799999713897705 16.405 9.225000028610228 27.15000002861023 clients4.google.com:40447 2.504875 2.504875 1.9 False
104 com.ubercab 3 7.7799999713897705 16.405 9.225000028610228 27.15000002861023 clients4.google.com:40447 2.757138 2.814138 45.459 False
105 com.ubercab 3 7.7799999713897705 16.405 9.225000028610228 27.15000002861023 cn-phx2.cfe.uber.com:60733 2.823528 3.533528 46.704 False
106 com.ubercab 3 7.7799999713897705 16.405 9.225000028610228 27.15000002861023 cn-phx2.cfe.uber.com:60601 2.856471 2.8584709999999998 0.773 False
107 com.ubercab 3 7.7799999713897705 16.405 9.225000028610228 27.15000002861023 csi.gstatic.com:45978 3.0753719999999998 3.372372 0.671 False
108 com.ubercab 3 7.7799999713897705 16.405 9.225000028610228 27.15000002861023 cn-phx2.cfe.uber.com:60601 3.447917 3.447917 0.891 False
109 com.ubercab 3 7.7799999713897705 16.405 9.225000028610228 27.15000002861023 cn-phx2.cfe.uber.com:60601 3.715496 3.716496 1.198 False
110 com.ubercab 3 7.7799999713897705 16.405 9.225000028610228 27.15000002861023 cn-phx2.cfe.uber.com:60601 4.048699 4.048699 0.983 False
111 com.ubercab 3 7.7799999713897705 16.405 9.225000028610228 27.15000002861023 cn-phx2.cfe.uber.com:60601 4.350994 4.352994 0.212 False
112 com.ubercab 3 7.7799999713897705 16.405 9.225000028610228 27.15000002861023 cn-phx2.cfe.uber.com:48635 5.08844 5.142440000000001 13.826 False
113 com.ubercab 3 7.7799999713897705 16.405 9.225000028610228 27.15000002861023 cn-phx2.cfe.uber.com:48635 5.557763 5.558763 0.135 False
114 com.ubercab 3 7.7799999713897705 16.405 9.225000028610228 27.15000002861023 cn-phx2.cfe.uber.com:60601 6.95372 6.95372 0.279 False
115 com.ubercab 3 7.7799999713897705 16.405 9.225000028610228 27.15000002861023 cn-phx2.cfe.uber.com:60601 7.319979 7.323979 1.111 False
116 com.ubercab 3 7.7799999713897705 16.405 9.225000028610228 27.15000002861023 clients4.google.com:44593 7.9365369999999995 8.574537 6.974 False
117 com.ubercab 3 7.7799999713897705 16.405 9.225000028610228 27.15000002861023 cn-phx2.cfe.uber.com:60733 8.531106 8.531106 0.092 False
118 com.ubercab 3 7.7799999713897705 16.405 9.225000028610228 27.15000002861023 cn-phx2.cfe.uber.com:60601 8.927983 9.361982999999999 5.116 False
119 com.ubercab 3 7.7799999713897705 16.405 9.225000028610228 27.15000002861023 clients4.google.com:40447 9.43954 9.54854 1.733 False
120 com.ubercab 3 7.7799999713897705 16.405 9.225000028610228 27.15000002861023 cn-phx2.cfe.uber.com:48635 9.998978 10.241978 4.301 False
121 com.ubercab 3 7.7799999713897705 16.405 9.225000028610228 27.15000002861023 cn-phx2.cfe.uber.com:60601 11.434656 11.434656 0.962 False
122 com.ubercab 3 7.7799999713897705 16.405 9.225000028610228 27.15000002861023 cn-phx2.cfe.uber.com:60601 11.918583 11.926582999999999 0.959 False
123 com.ubercab 3 7.7799999713897705 16.405 9.225000028610228 27.15000002861023 cn-phx2.cfe.uber.com:60733 13.598608 13.598608 0.231 False
124 com.ubercab 3 7.7799999713897705 16.405 9.225000028610228 27.15000002861023 cn-phx2.cfe.uber.com:60601 16.032693 16.032693 0.29 False
125 com.ubercab 3 7.7799999713897705 16.405 9.225000028610228 27.15000002861023 cn-phx2.cfe.uber.com:60601 16.402285 16.407284999999998 0.935 False
126 com.ubercab 3 7.7799999713897705 16.405 9.225000028610228 27.15000002861023 cn-phx2.cfe.uber.com:60733 18.534882 18.534882 0.112 False
127 com.ubercab 3 7.7799999713897705 16.405 9.225000028610228 27.15000002861023 cn-phx2.cfe.uber.com:60601 20.478396 20.478396 0.287 False
128 com.ubercab 3 7.7799999713897705 16.405 9.225000028610228 27.15000002861023 cn-phx2.cfe.uber.com:60601 20.878589 20.881589 0.844 False
129 com.ubercab 4 8.129999876022339 11.818 9.730999923706054 27.110999923706053 cn-phx2.cfe.uber.com:42708 0.0 0.531 2.907 False
130 com.ubercab 4 8.129999876022339 11.818 9.730999923706054 27.110999923706053 d1w2poirtb3as9.cloudfront.net:39854 0.498239 1.015239 5.528 False
131 com.ubercab 4 8.129999876022339 11.818 9.730999923706054 27.110999923706053 cn-phx2.cfe.uber.com:35960 0.601336 0.996336 1.544 False
132 com.ubercab 4 8.129999876022339 11.818 9.730999923706054 27.110999923706053 cn-phx2.cfe.uber.com:57235 0.845703 1.185703 1.744 False
133 com.ubercab 4 8.129999876022339 11.818 9.730999923706054 27.110999923706053 cn-phx2.cfe.uber.com:43472 0.976708 1.173708 0.181 False
134 com.ubercab 4 8.129999876022339 11.818 9.730999923706054 27.110999923706053 7336.engine.mobileapptracking.com:53492 1.307421 1.9034209999999998 0.0 False
135 com.ubercab 4 8.129999876022339 11.818 9.730999923706054 27.110999923706053 www.paypalobjects.com:46112 1.3323420000000001 1.476342 0.0 False
136 com.ubercab 4 8.129999876022339 11.818 9.730999923706054 27.110999923706053 api.braintreegateway.com:33924 1.365799 1.965799 1.872 False
137 com.ubercab 4 8.129999876022339 11.818 9.730999923706054 27.110999923706053 cn-phx2.cfe.uber.com:57235 1.482528 1.484528 3.547 False
138 com.ubercab 4 8.129999876022339 11.818 9.730999923706054 27.110999923706053 cn-phx2.cfe.uber.com:35960 1.496475 1.873475 7.693 False
139 com.ubercab 4 8.129999876022339 11.818 9.730999923706054 27.110999923706053 clients4.google.com:36842 1.887694 2.295694 1.941 False
140 com.ubercab 4 8.129999876022339 11.818 9.730999923706054 27.110999923706053 cn-phx2.cfe.uber.com:57235 2.1303549999999998 2.371355 1.633 False
141 com.ubercab 4 8.129999876022339 11.818 9.730999923706054 27.110999923706053 d1w2poirtb3as9.cloudfront.net:39854 2.318932 2.399932 5.505 False
142 com.ubercab 4 8.129999876022339 11.818 9.730999923706054 27.110999923706053 cn-phx2.cfe.uber.com:57235 2.622532 2.855532 0.702 False
143 com.ubercab 4 8.129999876022339 11.818 9.730999923706054 27.110999923706053 clients4.google.com:36842 2.677212 2.792212 1.807 False
144 com.ubercab 4 8.129999876022339 11.818 9.730999923706054 27.110999923706053 cn-phx2.cfe.uber.com:35960 3.073236 3.604236 46.578 False
145 com.ubercab 4 8.129999876022339 11.818 9.730999923706054 27.110999923706053 cn-phx2.cfe.uber.com:57235 3.14498 3.1459799999999998 0.721 False
146 com.ubercab 4 8.129999876022339 11.818 9.730999923706054 27.110999923706053 csi.gstatic.com:44608 3.3193960000000002 3.5913960000000005 0.672 False
147 com.ubercab 4 8.129999876022339 11.818 9.730999923706054 27.110999923706053 cn-phx2.cfe.uber.com:57235 3.656293 3.656293 0.89 False
148 com.ubercab 4 8.129999876022339 11.818 9.730999923706054 27.110999923706053 cn-phx2.cfe.uber.com:57235 3.953788 4.200788 2.185 False
149 com.ubercab 4 8.129999876022339 11.818 9.730999923706054 27.110999923706053 cn-phx2.cfe.uber.com:57235 4.469364 4.470364 0.213 False
150 com.ubercab 4 8.129999876022339 11.818 9.730999923706054 27.110999923706053 cn-phx2.cfe.uber.com:42708 5.145908 5.187908 13.966 False
151 com.ubercab 4 8.129999876022339 11.818 9.730999923706054 27.110999923706053 cn-phx2.cfe.uber.com:42708 5.6259879999999995 5.627987999999999 0.135 False
152 com.ubercab 4 8.129999876022339 11.818 9.730999923706054 27.110999923706053 cn-phx2.cfe.uber.com:57235 7.265636 7.265636 0.279 False
153 com.ubercab 4 8.129999876022339 11.818 9.730999923706054 27.110999923706053 cn-phx2.cfe.uber.com:57235 7.706105 7.708105 0.975 False
154 com.ubercab 4 8.129999876022339 11.818 9.730999923706054 27.110999923706053 cn-phx2.cfe.uber.com:35960 8.506468 8.506468 0.146 False
155 com.ubercab 4 8.129999876022339 11.818 9.730999923706054 27.110999923706053 cn-phx2.cfe.uber.com:57235 8.839045 9.298045 5.614 False
156 com.ubercab 4 8.129999876022339 11.818 9.730999923706054 27.110999923706053 clients4.google.com:36842 9.378529 9.500529 1.733 False
157 com.ubercab 4 8.129999876022339 11.818 9.730999923706054 27.110999923706053 cn-phx2.cfe.uber.com:42708 10.021716 10.266715999999999 4.335 False
158 com.ubercab 4 8.129999876022339 11.818 9.730999923706054 27.110999923706053 api-m.paypal.com:46553 11.350387 11.534386999999999 0.0 False
159 com.ubercab 4 8.129999876022339 11.818 9.730999923706054 27.110999923706053 cn-phx2.cfe.uber.com:57235 11.817044 11.817044 0.278 False
160 com.ubercab 4 8.129999876022339 11.818 9.730999923706054 27.110999923706053 cn-phx2.cfe.uber.com:57235 12.186034 12.188034 0.857 False
161 com.ubercab 4 8.129999876022339 11.818 9.730999923706054 27.110999923706053 cn-phx2.cfe.uber.com:35960 13.545892 13.545892 0.159 False
162 com.ubercab 5 8.099999904632568 25.344 7.539999961853027 7.539999961853027 cn-phx2.cfe.uber.com:33507 0.0 0.551 2.832 False
163 com.ubercab 5 8.099999904632568 25.344 7.539999961853027 7.539999961853027 d1w2poirtb3as9.cloudfront.net:47022 0.506375 1.179375 5.505 False
164 com.ubercab 5 8.099999904632568 25.344 7.539999961853027 7.539999961853027 cn-phx2.cfe.uber.com:58517 0.582294 1.7102939999999998 6.458 False
165 com.ubercab 5 8.099999904632568 25.344 7.539999961853027 7.539999961853027 cn-phx2.cfe.uber.com:56481 0.733733 1.361733 6.631 False
166 com.ubercab 5 8.099999904632568 25.344 7.539999961853027 7.539999961853027 cn-phx2.cfe.uber.com:34440 0.895256 1.075256 0.181 False
167 com.ubercab 5 8.099999904632568 25.344 7.539999961853027 7.539999961853027 www.paypalobjects.com:32871 1.195215 1.374215 0.0 False
168 com.ubercab 5 8.099999904632568 25.344 7.539999961853027 7.539999961853027 7336.engine.mobileapptracking.com:33396 1.2589540000000001 1.8149540000000002 0.0 False
169 com.ubercab 5 8.099999904632568 25.344 7.539999961853027 7.539999961853027 api.braintreegateway.com:41406 1.267546 1.870546 1.872 False
170 com.ubercab 5 8.099999904632568 25.344 7.539999961853027 7.539999961853027 clients4.google.com:48441 1.7796699999999999 2.23967 1.941 False
171 com.ubercab 5 8.099999904632568 25.344 7.539999961853027 7.539999961853027 cn-phx2.cfe.uber.com:56481 2.03892 2.24592 0.419 False
172 com.ubercab 5 8.099999904632568 25.344 7.539999961853027 7.539999961853027 cn-phx2.cfe.uber.com:56481 2.505603 2.533603 0.551 False
173 com.ubercab 5 8.099999904632568 25.344 7.539999961853027 7.539999961853027 d1w2poirtb3as9.cloudfront.net:47022 2.5560270000000003 2.621027 5.529 False
174 com.ubercab 5 8.099999904632568 25.344 7.539999961853027 7.539999961853027 cn-phx2.cfe.uber.com:58517 2.56059 2.59659 1.031 False
175 com.ubercab 5 8.099999904632568 25.344 7.539999961853027 7.539999961853027 clients4.google.com:48441 2.586325 2.685325 1.807 False
176 com.ubercab 5 8.099999904632568 25.344 7.539999961853027 7.539999961853027 cn-phx2.cfe.uber.com:56481 2.912572 2.913572 0.823 False
177 com.ubercab 5 8.099999904632568 25.344 7.539999961853027 7.539999961853027 www.google.com:57064 2.979843 3.2108429999999997 5.592 False
178 com.ubercab 5 8.099999904632568 25.344 7.539999961853027 7.539999961853027 cn-phx2.cfe.uber.com:58517 3.080934 3.678934 46.455 False
179 com.ubercab 5 8.099999904632568 25.344 7.539999961853027 7.539999961853027 csi.gstatic.com:59146 3.15225 3.45525 0.671 False
180 com.ubercab 5 8.099999904632568 25.344 7.539999961853027 7.539999961853027 cn-phx2.cfe.uber.com:56481 3.586388 3.586388 0.891 False
181 com.ubercab 5 8.099999904632568 25.344 7.539999961853027 7.539999961853027 cn-phx2.cfe.uber.com:56481 3.902984 4.349984 2.406 False
182 com.ubercab 5 8.099999904632568 25.344 7.539999961853027 7.539999961853027 cn-phx2.cfe.uber.com:33507 5.048174 5.126174000000001 13.96 False
183 com.ubercab 5 8.099999904632568 25.344 7.539999961853027 7.539999961853027 cn-phx2.cfe.uber.com:33507 5.502339 5.502339 0.135 False
184 com.ubercab 5 8.099999904632568 25.344 7.539999961853027 7.539999961853027 cn-phx2.cfe.uber.com:56481 6.975878 6.975878 0.287 False
185 com.ubercab 5 8.099999904632568 25.344 7.539999961853027 7.539999961853027 cn-phx2.cfe.uber.com:56481 7.420498 7.461498000000001 0.943 False
186 com.ubercab 5 8.099999904632568 25.344 7.539999961853027 7.539999961853027 cn-phx2.cfe.uber.com:58517 8.69979 8.69979 0.255 False
187 com.ubercab 5 8.099999904632568 25.344 7.539999961853027 7.539999961853027 cn-phx2.cfe.uber.com:56481 11.479231 11.479231 0.279 False
188 com.ubercab 5 8.099999904632568 25.344 7.539999961853027 7.539999961853027 cn-phx2.cfe.uber.com:56481 11.899966 11.900965999999999 0.9 False
189 com.ubercab 5 8.099999904632568 25.344 7.539999961853027 7.539999961853027 cn-phx2.cfe.uber.com:58517 13.65892 13.65892 0.113 False
190 com.ubercab 5 8.099999904632568 25.344 7.539999961853027 7.539999961853027 api-m.paypal.com:32902 14.233311 14.459311000000001 0.0 False
191 com.ubercab 5 8.099999904632568 25.344 7.539999961853027 7.539999961853027 cn-phx2.cfe.uber.com:56481 16.041921 16.041921 0.305 False
192 com.ubercab 5 8.099999904632568 25.344 7.539999961853027 7.539999961853027 cn-phx2.cfe.uber.com:56481 16.587626 16.588626 0.859 False
193 com.ubercab 5 8.099999904632568 25.344 7.539999961853027 7.539999961853027 cn-phx2.cfe.uber.com:58517 18.663707 18.663707 0.275 False
194 com.ubercab 5 8.099999904632568 25.344 7.539999961853027 7.539999961853027 cn-phx2.cfe.uber.com:56481 20.72264 20.72264 0.896 False
195 com.ubercab 5 8.099999904632568 25.344 7.539999961853027 7.539999961853027 cn-phx2.cfe.uber.com:56481 21.225747 21.230746999999997 0.906 False
196 com.ubercab 5 8.099999904632568 25.344 7.539999961853027 7.539999961853027 cn-phx2.cfe.uber.com:58517 23.70474 23.70474 0.111 False
197 com.ubercab 5 8.099999904632568 25.344 7.539999961853027 7.539999961853027 cn-phx2.cfe.uber.com:56481 24.124088 24.124088 0.552 False
198 com.ubercab 5 8.099999904632568 25.344 7.539999961853027 7.539999961853027 cn-phx2.cfe.uber.com:56481 24.425524 24.427524 0.187 False
199 com.ubercab 5 8.099999904632568 25.344 7.539999961853027 7.539999961853027 cn-phx2.cfe.uber.com:56481 25.343286 25.343286 0.279 False
200 com.ubercab 5 8.099999904632568 25.344 7.539999961853027 7.539999961853027 cn-phx2.cfe.uber.com:56481 25.783606 25.794605999999998 0.978 False
201 com.ubercab 6 7.7099997997283936 20.599 8.972999837875367 8.972999837875367 cn-phx2.cfe.uber.com:38401 0.0 0.492 2.943 False
202 com.ubercab 6 7.7099997997283936 20.599 8.972999837875367 8.972999837875367 d1w2poirtb3as9.cloudfront.net:39865 0.47221 1.00121 5.529 False
203 com.ubercab 6 7.7099997997283936 20.599 8.972999837875367 8.972999837875367 cn-phx2.cfe.uber.com:52463 0.570914 0.8519140000000001 0.832 False
204 com.ubercab 6 7.7099997997283936 20.599 8.972999837875367 8.972999837875367 cn-phx2.cfe.uber.com:47565 0.830533 1.290533 3.337 False
205 com.ubercab 6 7.7099997997283936 20.599 8.972999837875367 8.972999837875367 cn-phx2.cfe.uber.com:34897 0.954018 1.140018 0.181 False
206 com.ubercab 6 7.7099997997283936 20.599 8.972999837875367 8.972999837875367 www.paypalobjects.com:54843 1.363627 1.524627 0.0 False
207 com.ubercab 6 7.7099997997283936 20.599 8.972999837875367 8.972999837875367 api.braintreegateway.com:49219 1.43875 2.05975 1.872 False
208 com.ubercab 6 7.7099997997283936 20.599 8.972999837875367 8.972999837875367 7336.engine.mobileapptracking.com:44833 1.445475 1.961475 0.0 False
209 com.ubercab 6 7.7099997997283936 20.599 8.972999837875367 8.972999837875367 cn-phx2.cfe.uber.com:52463 1.5123739999999999 1.818374 7.175 False
210 com.ubercab 6 7.7099997997283936 20.599 8.972999837875367 8.972999837875367 cn-phx2.cfe.uber.com:47565 1.587853 1.5888529999999998 3.114 False
211 com.ubercab 6 7.7099997997283936 20.599 8.972999837875367 8.972999837875367 clients4.google.com:43395 1.9009 2.7218999999999998 3.733 False
212 com.ubercab 6 7.7099997997283936 20.599 8.972999837875367 8.972999837875367 cn-phx2.cfe.uber.com:47565 2.071781 2.570781 1.251 False
213 com.ubercab 6 7.7099997997283936 20.599 8.972999837875367 8.972999837875367 d1w2poirtb3as9.cloudfront.net:39865 2.488778 2.574778 5.505 False
214 com.ubercab 6 7.7099997997283936 20.599 8.972999837875367 8.972999837875367 cn-phx2.cfe.uber.com:47565 2.97205 2.9730499999999997 0.851 False
215 com.ubercab 6 7.7099997997283936 20.599 8.972999837875367 8.972999837875367 cn-phx2.cfe.uber.com:52463 3.008133 3.563133 46.649 False
216 com.ubercab 6 7.7099997997283936 20.599 8.972999837875367 8.972999837875367 csi.gstatic.com:35947 3.1979319999999998 3.562932 0.671 False
217 com.ubercab 6 7.7099997997283936 20.599 8.972999837875367 8.972999837875367 cn-phx2.cfe.uber.com:47565 3.538229 3.538229 0.891 False
218 com.ubercab 6 7.7099997997283936 20.599 8.972999837875367 8.972999837875367 cn-phx2.cfe.uber.com:47565 3.969058 4.415058 2.16 False
219 com.ubercab 6 7.7099997997283936 20.599 8.972999837875367 8.972999837875367 cn-phx2.cfe.uber.com:38401 5.039837 5.113837 13.824 False
220 com.ubercab 6 7.7099997997283936 20.599 8.972999837875367 8.972999837875367 cn-phx2.cfe.uber.com:38401 5.49204 5.49204 0.135 False
221 com.ubercab 6 7.7099997997283936 20.599 8.972999837875367 8.972999837875367 cn-phx2.cfe.uber.com:47565 7.058562 7.058562 0.295 False
222 com.ubercab 6 7.7099997997283936 20.599 8.972999837875367 8.972999837875367 cn-phx2.cfe.uber.com:47565 7.452068 7.453068 0.86 False
223 com.ubercab 6 7.7099997997283936 20.599 8.972999837875367 8.972999837875367 cn-phx2.cfe.uber.com:52463 8.53171 8.53171 0.229 False
224 com.ubercab 6 7.7099997997283936 20.599 8.972999837875367 8.972999837875367 cn-phx2.cfe.uber.com:47565 11.55797 11.55797 0.278 False
225 com.ubercab 6 7.7099997997283936 20.599 8.972999837875367 8.972999837875367 cn-phx2.cfe.uber.com:47565 11.894165 11.895164999999999 0.9 False
226 com.ubercab 6 7.7099997997283936 20.599 8.972999837875367 8.972999837875367 cn-phx2.cfe.uber.com:52463 13.569065 13.569065 0.068 False
227 com.ubercab 6 7.7099997997283936 20.599 8.972999837875367 8.972999837875367 cn-phx2.cfe.uber.com:47565 16.010212 16.010212 0.303 False
228 com.ubercab 6 7.7099997997283936 20.599 8.972999837875367 8.972999837875367 cn-phx2.cfe.uber.com:47565 16.450556 16.466555999999997 0.998 False
229 com.ubercab 6 7.7099997997283936 20.599 8.972999837875367 8.972999837875367 cn-phx2.cfe.uber.com:52463 18.528922 18.528922 0.114 False
230 com.ubercab 6 7.7099997997283936 20.599 8.972999837875367 8.972999837875367 cn-phx2.cfe.uber.com:47565 20.598899 20.598899 0.279 False
231 com.ubercab 6 7.7099997997283936 20.599 8.972999837875367 8.972999837875367 cn-phx2.cfe.uber.com:47565 20.929051 20.939051000000003 1.055 False
232 com.ubercab 7 8.139999866485596 18.527 9.682999914169311 27.561999914169313 cn-phx2.cfe.uber.com:34215 0.0 0.508 2.819 False
233 com.ubercab 7 8.139999866485596 18.527 9.682999914169311 27.561999914169313 d1w2poirtb3as9.cloudfront.net:49549 0.448919 0.9589190000000001 5.505 False
234 com.ubercab 7 8.139999866485596 18.527 9.682999914169311 27.561999914169313 cn-phx2.cfe.uber.com:36724 0.536335 0.959335 1.677 False
235 com.ubercab 7 8.139999866485596 18.527 9.682999914169311 27.561999914169313 cn-phx2.cfe.uber.com:47473 0.781851 1.3728509999999998 6.428 False
236 com.ubercab 7 8.139999866485596 18.527 9.682999914169311 27.561999914169313 cn-phx2.cfe.uber.com:56092 0.874494 1.025494 0.181 False
237 com.ubercab 7 8.139999866485596 18.527 9.682999914169311 27.561999914169313 www.paypalobjects.com:54971 1.206215 1.372215 0.0 False
238 com.ubercab 7 8.139999866485596 18.527 9.682999914169311 27.561999914169313 api.braintreegateway.com:49556 1.243977 1.868977 1.872 False
239 com.ubercab 7 8.139999866485596 18.527 9.682999914169311 27.561999914169313 7336.engine.mobileapptracking.com:49660 1.26428 1.78828 0.0 False
240 com.ubercab 7 8.139999866485596 18.527 9.682999914169311 27.561999914169313 cn-phx2.cfe.uber.com:36724 1.373303 1.887303 5.918 False
241 com.ubercab 7 8.139999866485596 18.527 9.682999914169311 27.561999914169313 clients4.google.com:56459 1.721624 2.135624 1.942 False
242 com.ubercab 7 8.139999866485596 18.527 9.682999914169311 27.561999914169313 cn-phx2.cfe.uber.com:47473 1.934625 2.091625 0.216 False
243 com.ubercab 7 8.139999866485596 18.527 9.682999914169311 27.561999914169313 cn-phx2.cfe.uber.com:47266 2.116928 2.734928 2.908 False
244 com.ubercab 7 8.139999866485596 18.527 9.682999914169311 27.561999914169313 d1w2poirtb3as9.cloudfront.net:49549 2.122455 2.198455 5.529 False
245 com.ubercab 7 8.139999866485596 18.527 9.682999914169311 27.561999914169313 cn-phx2.cfe.uber.com:36724 2.146976 2.355976 47.084 False
246 com.ubercab 7 8.139999866485596 18.527 9.682999914169311 27.561999914169313 clients4.google.com:56459 2.472357 2.5833570000000003 1.791 False
247 com.ubercab 7 8.139999866485596 18.527 9.682999914169311 27.561999914169313 csi.gstatic.com:42792 3.116428 3.468428 0.671 False
248 com.ubercab 7 8.139999866485596 18.527 9.682999914169311 27.561999914169313 cn-phx2.cfe.uber.com:47266 3.409465 3.409465 0.89 False
249 com.ubercab 7 8.139999866485596 18.527 9.682999914169311 27.561999914169313 cn-phx2.cfe.uber.com:36724 3.457745 3.457745 0.279 False
250 com.ubercab 7 8.139999866485596 18.527 9.682999914169311 27.561999914169313 cn-phx2.cfe.uber.com:47266 3.691104 3.693104 1.008 False
251 com.ubercab 7 8.139999866485596 18.527 9.682999914169311 27.561999914169313 cn-phx2.cfe.uber.com:47266 4.028167 4.028167 0.992 False
252 com.ubercab 7 8.139999866485596 18.527 9.682999914169311 27.561999914169313 cn-phx2.cfe.uber.com:47266 4.288818 4.293818 0.213 False
253 com.ubercab 7 8.139999866485596 18.527 9.682999914169311 27.561999914169313 cn-phx2.cfe.uber.com:34215 4.970224 5.032224 13.917 False
254 com.ubercab 7 8.139999866485596 18.527 9.682999914169311 27.561999914169313 cn-phx2.cfe.uber.com:34215 5.4855920000000005 5.487592 0.135 False
255 com.ubercab 7 8.139999866485596 18.527 9.682999914169311 27.561999914169313 cn-phx2.cfe.uber.com:47266 6.823268 6.823268 0.295 False
256 com.ubercab 7 8.139999866485596 18.527 9.682999914169311 27.561999914169313 cn-phx2.cfe.uber.com:47266 7.248886 7.264886 0.995 False
257 com.ubercab 7 8.139999866485596 18.527 9.682999914169311 27.561999914169313 cn-phx2.cfe.uber.com:36724 8.526763 8.526763 0.208 False
258 com.ubercab 7 8.139999866485596 18.527 9.682999914169311 27.561999914169313 cn-phx2.cfe.uber.com:47266 8.831222 9.155222 5.482 False
259 com.ubercab 7 8.139999866485596 18.527 9.682999914169311 27.561999914169313 clients4.google.com:56459 9.374049 9.485049 1.717 False
260 com.ubercab 7 8.139999866485596 18.527 9.682999914169311 27.561999914169313 cn-phx2.cfe.uber.com:34215 9.961258 10.212258 4.316 False
261 com.ubercab 7 8.139999866485596 18.527 9.682999914169311 27.561999914169313 cn-phx2.cfe.uber.com:47266 11.357155 11.357155 0.5 False
262 com.ubercab 7 8.139999866485596 18.527 9.682999914169311 27.561999914169313 cn-phx2.cfe.uber.com:47266 11.806686 11.813685999999999 1.023 False
263 com.ubercab 7 8.139999866485596 18.527 9.682999914169311 27.561999914169313 cn-phx2.cfe.uber.com:36724 13.488255 13.488255 0.205 False
264 com.ubercab 7 8.139999866485596 18.527 9.682999914169311 27.561999914169313 cn-phx2.cfe.uber.com:47266 15.899782 15.899782 0.326 False
265 com.ubercab 7 8.139999866485596 18.527 9.682999914169311 27.561999914169313 cn-phx2.cfe.uber.com:47266 16.288296 16.291296 0.944 False
266 com.ubercab 7 8.139999866485596 18.527 9.682999914169311 27.561999914169313 cn-phx2.cfe.uber.com:36724 18.526734 18.526734 0.175 False
267 com.ubercab 7 8.139999866485596 18.527 9.682999914169311 27.561999914169313 cn-phx2.cfe.uber.com:47266 20.392617 20.392617 0.277 False
268 com.ubercab 7 8.139999866485596 18.527 9.682999914169311 27.561999914169313 cn-phx2.cfe.uber.com:47266 20.725912 20.727912 0.899 False
269 com.ubercab 8 8.169999837875366 15.797 9.951999885559083 27.46199988555908 cn-phx2.cfe.uber.com:47755 0.0 0.534 2.792 False
270 com.ubercab 8 8.169999837875366 15.797 9.951999885559083 27.46199988555908 d1w2poirtb3as9.cloudfront.net:60491 0.476797 1.445797 5.528 False
271 com.ubercab 8 8.169999837875366 15.797 9.951999885559083 27.46199988555908 cn-phx2.cfe.uber.com:36566 0.531704 1.397704 1.772 False
272 com.ubercab 8 8.169999837875366 15.797 9.951999885559083 27.46199988555908 cn-phx2.cfe.uber.com:59290 0.73617 1.78817 6.684 False
273 com.ubercab 8 8.169999837875366 15.797 9.951999885559083 27.46199988555908 cn-phx2.cfe.uber.com:38721 0.859702 1.353702 0.181 False
274 com.ubercab 8 8.169999837875366 15.797 9.951999885559083 27.46199988555908 www.paypalobjects.com:39484 1.210596 1.385596 0.0 False
275 com.ubercab 8 8.169999837875366 15.797 9.951999885559083 27.46199988555908 api.braintreegateway.com:50774 1.254059 1.917059 1.848 False
276 com.ubercab 8 8.169999837875366 15.797 9.951999885559083 27.46199988555908 7336.engine.mobileapptracking.com:59866 1.284449 1.803449 0.0 False
277 com.ubercab 8 8.169999837875366 15.797 9.951999885559083 27.46199988555908 clients4.google.com:50941 1.758507 2.611507 3.733 False
278 com.ubercab 8 8.169999837875366 15.797 9.951999885559083 27.46199988555908 cn-phx2.cfe.uber.com:36566 1.7883170000000002 2.119317 5.887 False
279 com.ubercab 8 8.169999837875366 15.797 9.951999885559083 27.46199988555908 cn-phx2.cfe.uber.com:40905 2.141521 2.7645210000000002 2.893 False
280 com.ubercab 8 8.169999837875366 15.797 9.951999885559083 27.46199988555908 d1w2poirtb3as9.cloudfront.net:60491 2.447274 2.541274 5.505 False
281 com.ubercab 8 8.169999837875366 15.797 9.951999885559083 27.46199988555908 cn-phx2.cfe.uber.com:36566 2.479572 2.672572 47.397 False
282 com.ubercab 8 8.169999837875366 15.797 9.951999885559083 27.46199988555908 csi.gstatic.com:37129 3.073753 3.345753 0.671 False
283 com.ubercab 8 8.169999837875366 15.797 9.951999885559083 27.46199988555908 cn-phx2.cfe.uber.com:40905 3.474805 3.474805 0.891 False
284 com.ubercab 8 8.169999837875366 15.797 9.951999885559083 27.46199988555908 cn-phx2.cfe.uber.com:36566 3.937595 3.937595 0.274 False
285 com.ubercab 8 8.169999837875366 15.797 9.951999885559083 27.46199988555908 cn-phx2.cfe.uber.com:40905 3.941863 4.277863 2.29 False
286 com.ubercab 8 8.169999837875366 15.797 9.951999885559083 27.46199988555908 cn-phx2.cfe.uber.com:47755 4.998355 5.080355 13.886 False
287 com.ubercab 8 8.169999837875366 15.797 9.951999885559083 27.46199988555908 cn-phx2.cfe.uber.com:47755 5.617768 5.618768 0.135 False
288 com.ubercab 8 8.169999837875366 15.797 9.951999885559083 27.46199988555908 cn-phx2.cfe.uber.com:40905 6.883972 6.883972 0.285 False
289 com.ubercab 8 8.169999837875366 15.797 9.951999885559083 27.46199988555908 cn-phx2.cfe.uber.com:40905 7.254625 7.2616249999999996 0.699 False
290 com.ubercab 8 8.169999837875366 15.797 9.951999885559083 27.46199988555908 cn-phx2.cfe.uber.com:36566 8.894475 8.894475 0.033 False
291 com.ubercab 8 8.169999837875366 15.797 9.951999885559083 27.46199988555908 cn-phx2.cfe.uber.com:40905 8.985125 9.348125 5.218 False
292 com.ubercab 8 8.169999837875366 15.797 9.951999885559083 27.46199988555908 clients4.google.com:50941 9.495197 9.596197 1.733 False
293 com.ubercab 8 8.169999837875366 15.797 9.951999885559083 27.46199988555908 cn-phx2.cfe.uber.com:47755 9.967163 9.967163 4.15 False
294 com.ubercab 8 8.169999837875366 15.797 9.951999885559083 27.46199988555908 cn-phx2.cfe.uber.com:47755 10.259043 10.262043 0.133 False
295 com.ubercab 8 8.169999837875366 15.797 9.951999885559083 27.46199988555908 cn-phx2.cfe.uber.com:40905 11.331453 11.331453 0.611 False
296 com.ubercab 8 8.169999837875366 15.797 9.951999885559083 27.46199988555908 cn-phx2.cfe.uber.com:40905 11.695045 11.701045 1.036 False
297 com.ubercab 8 8.169999837875366 15.797 9.951999885559083 27.46199988555908 cn-phx2.cfe.uber.com:36566 13.936236 13.936236 0.068 False
298 com.ubercab 8 8.169999837875366 15.797 9.951999885559083 27.46199988555908 cn-phx2.cfe.uber.com:40905 15.796599 15.796599 0.608 False
299 com.ubercab 8 8.169999837875366 15.797 9.951999885559083 27.46199988555908 cn-phx2.cfe.uber.com:40905 16.182536 16.191536 1.115 False
300 com.ubercab 9 8.539999961853027 20.452 10.30300002861023 27.675000028610228 cn-phx2.cfe.uber.com:59535 0.0 0.528 2.894 False
301 com.ubercab 9 8.539999961853027 20.452 10.30300002861023 27.675000028610228 d1w2poirtb3as9.cloudfront.net:36910 0.388414 0.7344139999999999 5.505 False
302 com.ubercab 9 8.539999961853027 20.452 10.30300002861023 27.675000028610228 cn-phx2.cfe.uber.com:39973 0.507536 0.734536 0.831 False
303 com.ubercab 9 8.539999961853027 20.452 10.30300002861023 27.675000028610228 cn-phx2.cfe.uber.com:36928 0.696888 1.320888 6.608 False
304 com.ubercab 9 8.539999961853027 20.452 10.30300002861023 27.675000028610228 cn-phx2.cfe.uber.com:58691 0.829548 0.993548 0.181 False
305 com.ubercab 9 8.539999961853027 20.452 10.30300002861023 27.675000028610228 cn-phx2.cfe.uber.com:39973 1.084014 1.764014 6.631 False
306 com.ubercab 9 8.539999961853027 20.452 10.30300002861023 27.675000028610228 www.paypalobjects.com:54531 1.15694 1.3559400000000001 0.0 False
307 com.ubercab 9 8.539999961853027 20.452 10.30300002861023 27.675000028610228 7336.engine.mobileapptracking.com:39807 1.184638 1.747638 0.0 False
308 com.ubercab 9 8.539999961853027 20.452 10.30300002861023 27.675000028610228 api.braintreegateway.com:48996 1.192922 1.783922 1.848 False
309 com.ubercab 9 8.539999961853027 20.452 10.30300002861023 27.675000028610228 clients4.google.com:38250 1.705579 2.490579 4.253 False
310 com.ubercab 9 8.539999961853027 20.452 10.30300002861023 27.675000028610228 cn-phx2.cfe.uber.com:36928 1.87339 2.04439 0.221 False
311 com.ubercab 9 8.539999961853027 20.452 10.30300002861023 27.675000028610228 cn-phx2.cfe.uber.com:55628 2.10929 2.47729 1.914 False
312 com.ubercab 9 8.539999961853027 20.452 10.30300002861023 27.675000028610228 d1w2poirtb3as9.cloudfront.net:36910 2.259472 2.328472 5.505 False
313 com.ubercab 9 8.539999961853027 20.452 10.30300002861023 27.675000028610228 cn-phx2.cfe.uber.com:55628 2.759747 2.760747 1.136 False
314 com.ubercab 9 8.539999961853027 20.452 10.30300002861023 27.675000028610228 csi.gstatic.com:39915 2.954664 3.237664 0.671 False
315 com.ubercab 9 8.539999961853027 20.452 10.30300002861023 27.675000028610228 cn-phx2.cfe.uber.com:39973 3.026256 3.602256 46.607 False
316 com.ubercab 9 8.539999961853027 20.452 10.30300002861023 27.675000028610228 cn-phx2.cfe.uber.com:55628 3.285812 3.285812 0.89 False
317 com.ubercab 9 8.539999961853027 20.452 10.30300002861023 27.675000028610228 cn-phx2.cfe.uber.com:55628 3.5583460000000002 3.559346 0.889 False
318 com.ubercab 9 8.539999961853027 20.452 10.30300002861023 27.675000028610228 cn-phx2.cfe.uber.com:55628 3.972087 3.972087 0.984 False
319 com.ubercab 9 8.539999961853027 20.452 10.30300002861023 27.675000028610228 cn-phx2.cfe.uber.com:55628 4.278286 4.281286 0.212 False
320 com.ubercab 9 8.539999961853027 20.452 10.30300002861023 27.675000028610228 cn-phx2.cfe.uber.com:59535 4.979138 5.024138 13.908 False
321 com.ubercab 9 8.539999961853027 20.452 10.30300002861023 27.675000028610228 cn-phx2.cfe.uber.com:59535 5.39815 5.399150000000001 0.135 False
322 com.ubercab 9 8.539999961853027 20.452 10.30300002861023 27.675000028610228 cn-phx2.cfe.uber.com:55628 6.839453 6.839453 0.278 False
323 com.ubercab 9 8.539999961853027 20.452 10.30300002861023 27.675000028610228 cn-phx2.cfe.uber.com:55628 7.317827 7.334827000000001 0.751 False
324 com.ubercab 9 8.539999961853027 20.452 10.30300002861023 27.675000028610228 cn-phx2.cfe.uber.com:39973 8.597971 8.597971 0.257 False
325 com.ubercab 9 8.539999961853027 20.452 10.30300002861023 27.675000028610228 cn-phx2.cfe.uber.com:55628 9.033115 9.409115 4.674 False
326 com.ubercab 9 8.539999961853027 20.452 10.30300002861023 27.675000028610228 clients4.google.com:38250 9.539088 9.649087999999999 1.733 False
327 com.ubercab 9 8.539999961853027 20.452 10.30300002861023 27.675000028610228 cn-phx2.cfe.uber.com:59535 9.916858 10.153858 4.187 False
328 com.ubercab 9 8.539999961853027 20.452 10.30300002861023 27.675000028610228 cn-phx2.cfe.uber.com:55628 9.946803 9.948803 0.237 False
329 com.ubercab 9 8.539999961853027 20.452 10.30300002861023 27.675000028610228 cn-phx2.cfe.uber.com:55628 11.400907 11.400907 0.967 False
330 com.ubercab 9 8.539999961853027 20.452 10.30300002861023 27.675000028610228 cn-phx2.cfe.uber.com:55628 11.797429 11.799429 0.934 False
331 com.ubercab 9 8.539999961853027 20.452 10.30300002861023 27.675000028610228 cn-phx2.cfe.uber.com:39973 13.638001 13.638001 0.105 False
332 com.ubercab 9 8.539999961853027 20.452 10.30300002861023 27.675000028610228 cn-phx2.cfe.uber.com:59535 14.938411 14.938411 2.242 False
333 com.ubercab 9 8.539999961853027 20.452 10.30300002861023 27.675000028610228 cn-phx2.cfe.uber.com:59535 15.238674 15.239673999999999 0.134 False
334 com.ubercab 9 8.539999961853027 20.452 10.30300002861023 27.675000028610228 cn-phx2.cfe.uber.com:55628 15.909281 15.909281 0.303 False
335 com.ubercab 9 8.539999961853027 20.452 10.30300002861023 27.675000028610228 cn-phx2.cfe.uber.com:55628 16.365704 16.366704000000002 0.912 False
336 com.ubercab 9 8.539999961853027 20.452 10.30300002861023 27.675000028610228 cn-phx2.cfe.uber.com:39973 18.597175 18.597175 0.087 False
337 com.ubercab 9 8.539999961853027 20.452 10.30300002861023 27.675000028610228 cn-phx2.cfe.uber.com:55628 20.451231 20.451231 0.289 False
338 com.ubercab 9 8.539999961853027 20.452 10.30300002861023 27.675000028610228 cn-phx2.cfe.uber.com:55628 20.917196 20.925196 1.016 False
339 com.ubercab 10 8.47000002861023 11.996 10.186999837875366 27.567999837875366 cn-phx2.cfe.uber.com:38135 0.0 1.027 7.099 False
340 com.ubercab 10 8.47000002861023 11.996 10.186999837875366 27.567999837875366 d1w2poirtb3as9.cloudfront.net:39586 0.499997 0.987997 5.504 False
341 com.ubercab 10 8.47000002861023 11.996 10.186999837875366 27.567999837875366 cn-phx2.cfe.uber.com:38542 0.567683 1.0436830000000001 1.426 False
342 com.ubercab 10 8.47000002861023 11.996 10.186999837875366 27.567999837875366 www.paypalobjects.com:59006 1.142418 1.323418 0.0 False
343 com.ubercab 10 8.47000002861023 11.996 10.186999837875366 27.567999837875366 api.braintreegateway.com:37607 1.203213 1.848213 1.872 False
344 com.ubercab 10 8.47000002861023 11.996 10.186999837875366 27.567999837875366 7336.engine.mobileapptracking.com:40059 1.26454 1.90754 0.0 False
345 com.ubercab 10 8.47000002861023 11.996 10.186999837875366 27.567999837875366 cn-phx2.cfe.uber.com:38135 1.442486 1.446486 3.587 False
346 com.ubercab 10 8.47000002861023 11.996 10.186999837875366 27.567999837875366 cn-phx2.cfe.uber.com:38542 1.489682 1.817682 7.297 False
347 com.ubercab 10 8.47000002861023 11.996 10.186999837875366 27.567999837875366 clients4.google.com:55381 1.741599 2.302599 1.942 False
348 com.ubercab 10 8.47000002861023 11.996 10.186999837875366 27.567999837875366 cn-phx2.cfe.uber.com:38135 2.064758 2.064758 1.209 False
349 com.ubercab 10 8.47000002861023 11.996 10.186999837875366 27.567999837875366 cn-phx2.cfe.uber.com:36107 2.292294 2.694294 3.316 False
350 com.ubercab 10 8.47000002861023 11.996 10.186999837875366 27.567999837875366 d1w2poirtb3as9.cloudfront.net:39586 2.554386 2.623386 5.528 False
351 com.ubercab 10 8.47000002861023 11.996 10.186999837875366 27.567999837875366 clients4.google.com:55381 2.599546 2.7305460000000004 1.807 False
352 com.ubercab 10 8.47000002861023 11.996 10.186999837875366 27.567999837875366 cn-phx2.cfe.uber.com:38542 2.963174 3.543174 46.591 False
353 com.ubercab 10 8.47000002861023 11.996 10.186999837875366 27.567999837875366 cn-phx2.cfe.uber.com:36107 2.99944 2.99944 1.015 False
354 com.ubercab 10 8.47000002861023 11.996 10.186999837875366 27.567999837875366 csi.gstatic.com:51320 3.216354 3.487354 0.671 False
355 com.ubercab 10 8.47000002861023 11.996 10.186999837875366 27.567999837875366 cn-phx2.cfe.uber.com:36107 3.572832 3.572832 1.928 False
356 com.ubercab 10 8.47000002861023 11.996 10.186999837875366 27.567999837875366 cn-phx2.cfe.uber.com:36107 3.9661239999999998 4.104124 3.282 False
357 com.ubercab 10 8.47000002861023 11.996 10.186999837875366 27.567999837875366 cn-phx2.cfe.uber.com:36107 4.35742 4.35942 0.253 False
358 com.ubercab 10 8.47000002861023 11.996 10.186999837875366 27.567999837875366 cn-phx2.cfe.uber.com:36107 5.03769 5.1066899999999995 13.807 False
359 com.ubercab 10 8.47000002861023 11.996 10.186999837875366 27.567999837875366 cn-phx2.cfe.uber.com:36107 5.557391 5.558391 0.154 False
360 com.ubercab 10 8.47000002861023 11.996 10.186999837875366 27.567999837875366 cn-phx2.cfe.uber.com:36107 7.09304 7.09304 1.307 False
361 com.ubercab 10 8.47000002861023 11.996 10.186999837875366 27.567999837875366 cn-phx2.cfe.uber.com:36107 7.87792 7.89192 0.911 False
362 com.ubercab 10 8.47000002861023 11.996 10.186999837875366 27.567999837875366 cn-phx2.cfe.uber.com:38542 8.598019 8.598019 0.152 False
363 com.ubercab 10 8.47000002861023 11.996 10.186999837875366 27.567999837875366 cn-phx2.cfe.uber.com:36107 9.086205 9.435205 13.562 False
364 com.ubercab 10 8.47000002861023 11.996 10.186999837875366 27.567999837875366 clients4.google.com:55381 9.569117 9.666117 1.733 False
365 com.ubercab 10 8.47000002861023 11.996 10.186999837875366 27.567999837875366 cn-phx2.cfe.uber.com:36107 10.025738 10.279738 4.324 False
366 com.ubercab 10 8.47000002861023 11.996 10.186999837875366 27.567999837875366 cn-phx2.cfe.uber.com:36107 11.995457 11.995457 1.307 False
367 com.ubercab 10 8.47000002861023 11.996 10.186999837875366 27.567999837875366 cn-phx2.cfe.uber.com:36107 12.518018 12.519017999999999 0.802 False
368 com.ubercab 10 8.47000002861023 11.996 10.186999837875366 27.567999837875366 cn-phx2.cfe.uber.com:38542 13.558022 13.558022 0.286 False
