 app expId t_click TDT AFT Last_Visual_Change flow t_start t_end KB critical
0 com.instagram.android 1 13.579999923706055 14.901 13.02999997138977 13.02999997138977 i.instagram.com:45320 0.0 0.196 0.766 False
1 com.instagram.android 1 13.579999923706055 14.901 13.02999997138977 13.02999997138977 i.instagram.com:45321 0.000864 0.278864 1.487 False
2 com.instagram.android 1 13.579999923706055 14.901 13.02999997138977 13.02999997138977 i.instagram.com:45322 0.059741 0.262741 0.943 False
3 com.instagram.android 1 13.579999923706055 14.901 13.02999997138977 13.02999997138977 i.instagram.com:45323 0.1676 0.3386 1.503 False
4 com.instagram.android 1 13.579999923706055 14.901 13.02999997138977 13.02999997138977 scontent-frt3-2.cdninstagram.com:38040 0.205342 0.421342 29.374 False
5 com.instagram.android 1 13.579999923706055 14.901 13.02999997138977 13.02999997138977 i.instagram.com:45325 0.369199 0.522199 0.83 False
6 com.instagram.android 1 13.579999923706055 14.901 13.02999997138977 13.02999997138977 graph.facebook.com:41073 0.376024 0.869024 2.452 False
7 com.instagram.android 1 13.579999923706055 14.901 13.02999997138977 13.02999997138977 i.instagram.com:45327 0.379886 0.554886 0.832 False
8 com.instagram.android 1 13.579999923706055 14.901 13.02999997138977 13.02999997138977 android.clients.google.com:44186 0.496734 0.782734 1.409 False
9 com.instagram.android 1 13.579999923706055 14.901 13.02999997138977 13.02999997138977 mqtt-mini.facebook.com:33768 0.626033 0.967033 0.385 False
10 com.instagram.android 1 13.579999923706055 14.901 13.02999997138977 13.02999997138977 i.instagram.com:45328 0.805796 0.962796 1.246 False
11 com.instagram.android 1 13.579999923706055 14.901 13.02999997138977 13.02999997138977 mqtt-mini.facebook.com:33768 1.263513 1.467513 0.576 False
12 com.instagram.android 1 13.579999923706055 14.901 13.02999997138977 13.02999997138977 i.instagram.com:45327 4.112159 4.1131590000000005 2.693 False
13 com.instagram.android 1 13.579999923706055 14.901 13.02999997138977 13.02999997138977 i.instagram.com:45328 4.743557 4.807557 3.838 False
14 com.instagram.android 1 13.579999923706055 14.901 13.02999997138977 13.02999997138977 i.instagram.com:45325 5.143595 5.152595000000001 2.531 False
15 com.instagram.android 1 13.579999923706055 14.901 13.02999997138977 13.02999997138977 i.instagram.com:45328 5.393607 5.393607 2.197 False
16 com.instagram.android 1 13.579999923706055 14.901 13.02999997138977 13.02999997138977 i.instagram.com:45320 6.021129 6.073129 30.848 False
17 com.instagram.android 1 13.579999923706055 14.901 13.02999997138977 13.02999997138977 i.instagram.com:45322 6.093509 6.093509 2.377 False
18 com.instagram.android 1 13.579999923706055 14.901 13.02999997138977 13.02999997138977 scontent-lht6-1.cdninstagram.com:47263 6.213798 6.593798 136.377 True
19 com.instagram.android 1 13.579999923706055 14.901 13.02999997138977 13.02999997138977 scontent-lht6-1.cdninstagram.com:47264 6.214182 6.723182 86.526 True
20 com.instagram.android 1 13.579999923706055 14.901 13.02999997138977 13.02999997138977 scontent-lht6-1.cdninstagram.com:47265 6.214514 14.974514 6965.802 True
21 com.instagram.android 1 13.579999923706055 14.901 13.02999997138977 13.02999997138977 scontent-lht6-1.cdninstagram.com:47266 6.214843 6.753843 14.647 True
22 com.instagram.android 1 13.579999923706055 14.901 13.02999997138977 13.02999997138977 scontent-lht6-1.cdninstagram.com:47267 6.21539 6.61939 13.003 True
23 com.instagram.android 1 13.579999923706055 14.901 13.02999997138977 13.02999997138977 i.instagram.com:45323 6.304095 6.304095 2.468 False
24 com.instagram.android 1 13.579999923706055 14.901 13.02999997138977 13.02999997138977 i.instagram.com:45321 7.573914 7.767914 18.179 False
25 com.instagram.android 1 13.579999923706055 14.901 13.02999997138977 13.02999997138977 i.instagram.com:45323 7.7867809999999995 7.7867809999999995 0.834 False
26 com.instagram.android 1 13.579999923706055 14.901 13.02999997138977 13.02999997138977 i.instagram.com:45322 7.789214 7.789214 1.091 False
27 com.instagram.android 1 13.579999923706055 14.901 13.02999997138977 13.02999997138977 i.instagram.com:45320 7.790597 7.790597 0.818 False
28 com.instagram.android 1 13.579999923706055 14.901 13.02999997138977 13.02999997138977 i.instagram.com:45328 7.791978 7.791978 0.825 False
29 com.instagram.android 1 13.579999923706055 14.901 13.02999997138977 13.02999997138977 i.instagram.com:45325 7.793261 7.793261 1.028 False
30 com.instagram.android 1 13.579999923706055 14.901 13.02999997138977 13.02999997138977 i.instagram.com:45334 7.794626 8.273626 0.0 False
31 com.instagram.android 1 13.579999923706055 14.901 13.02999997138977 13.02999997138977 scontent-lht6-1.cdninstagram.com:47266 7.821713 7.821713 0.468 True
32 com.instagram.android 1 13.579999923706055 14.901 13.02999997138977 13.02999997138977 scontent-lht6-1.cdninstagram.com:47264 7.823139 7.823139 0.469 True
33 com.instagram.android 1 13.579999923706055 14.901 13.02999997138977 13.02999997138977 scontent-lht6-1.cdninstagram.com:47267 7.824539 7.824539 0.469 True
34 com.instagram.android 1 13.579999923706055 14.901 13.02999997138977 13.02999997138977 scontent-lht6-1.cdninstagram.com:47263 7.902896 8.322896 84.638 True
35 com.instagram.android 1 13.579999923706055 14.901 13.02999997138977 13.02999997138977 scontent-lht6-1.cdninstagram.com:47266 8.075449 8.627449 85.554 True
36 com.instagram.android 1 13.579999923706055 14.901 13.02999997138977 13.02999997138977 scontent-lht6-1.cdninstagram.com:47264 8.075569 8.494569 162.949 True
37 com.instagram.android 1 13.579999923706055 14.901 13.02999997138977 13.02999997138977 scontent-lht6-1.cdninstagram.com:47267 8.083567 8.607567 102.008 True
38 com.instagram.android 1 13.579999923706055 14.901 13.02999997138977 13.02999997138977 edge-mqtt.facebook.com:33996 8.085298 8.277298 0.0 False
39 com.instagram.android 1 13.579999923706055 14.901 13.02999997138977 13.02999997138977 i.instagram.com:45320 8.142486 8.373486 5.143 False
40 com.instagram.android 1 13.579999923706055 14.901 13.02999997138977 13.02999997138977 i.instagram.com:45328 8.176724 8.181724 2.237 False
41 com.instagram.android 1 13.579999923706055 14.901 13.02999997138977 13.02999997138977 i.instagram.com:45321 8.182282 8.182282 2.304 False
42 com.instagram.android 1 13.579999923706055 14.901 13.02999997138977 13.02999997138977 i.instagram.com:45322 8.182723 8.182723 2.214 False
43 com.instagram.android 1 13.579999923706055 14.901 13.02999997138977 13.02999997138977 i.instagram.com:45325 8.586537 8.729537 12.893 False
44 com.instagram.android 1 13.579999923706055 14.901 13.02999997138977 13.02999997138977 scontent-lht6-1.cdninstagram.com:47263 9.040086 10.083086 11.282 True
45 com.instagram.android 1 13.579999923706055 14.901 13.02999997138977 13.02999997138977 i.instagram.com:45323 9.171435 10.483435 6.993 False
46 com.instagram.android 1 13.579999923706055 14.901 13.02999997138977 13.02999997138977 scontent-lht6-1.cdninstagram.com:47264 9.194911 9.774911 50.179 True
47 com.instagram.android 1 13.579999923706055 14.901 13.02999997138977 13.02999997138977 i.instagram.com:45320 9.258622 9.258622 2.323 False
48 com.instagram.android 1 13.579999923706055 14.901 13.02999997138977 13.02999997138977 scontent-lht6-1.cdninstagram.com:47267 9.283719 9.283719 0.51 True
49 com.instagram.android 1 13.579999923706055 14.901 13.02999997138977 13.02999997138977 scontent-lht6-1.cdninstagram.com:47266 9.285598 10.332598 218.079 True
50 com.instagram.android 1 13.579999923706055 14.901 13.02999997138977 13.02999997138977 edge-mqtt.facebook.com:33996 9.709564 9.725564 0.916 False
51 com.instagram.android 1 13.579999923706055 14.901 13.02999997138977 13.02999997138977 scontent-lht6-1.cdninstagram.com:47267 9.814551 9.923551 41.644 True
52 com.instagram.android 1 13.579999923706055 14.901 13.02999997138977 13.02999997138977 edge-mqtt.facebook.com:33996 10.364483 10.407483 0.129 False
53 com.instagram.android 1 13.579999923706055 14.901 13.02999997138977 13.02999997138977 i.instagram.com:45320 10.421687 10.421687 1.235 False
54 com.instagram.android 1 13.579999923706055 14.901 13.02999997138977 13.02999997138977 edge-mqtt.facebook.com:33996 10.793758 10.793758 0.028 False
55 com.instagram.android 1 13.579999923706055 14.901 13.02999997138977 13.02999997138977 i.instagram.com:45320 10.86353 10.86353 2.78 False
56 com.instagram.android 1 13.579999923706055 14.901 13.02999997138977 13.02999997138977 i.instagram.com:45325 10.864381999999999 10.985382 54.821 False
57 com.instagram.android 1 13.579999923706055 14.901 13.02999997138977 13.02999997138977 www.google.com:43977 22.779596 23.198596000000002 23.436 False
58 com.instagram.android 2 13.740000009536743 3.012 13.179999828338623 13.179999828338623 i.instagram.com:45335 0.0 0.292 1.6 False
59 com.instagram.android 2 13.740000009536743 3.012 13.179999828338623 13.179999828338623 i.instagram.com:45336 0.000389 0.30638899999999997 0.855 False
60 com.instagram.android 2 13.740000009536743 3.012 13.179999828338623 13.179999828338623 i.instagram.com:45337 0.14114 0.41114 1.616 False
61 com.instagram.android 2 13.740000009536743 3.012 13.179999828338623 13.179999828338623 scontent-frt3-2.cdninstagram.com:38054 0.159507 0.479507 29.374 False
62 com.instagram.android 2 13.740000009536743 3.012 13.179999828338623 13.179999828338623 i.instagram.com:45339 0.378705 0.7797050000000001 3.29 False
63 com.instagram.android 2 13.740000009536743 3.012 13.179999828338623 13.179999828338623 i.instagram.com:45340 0.384271 0.779271 3.288 False
64 com.instagram.android 2 13.740000009536743 3.012 13.179999828338623 13.179999828338623 graph.facebook.com:41088 0.38605 0.92805 2.447 False
65 com.instagram.android 2 13.740000009536743 3.012 13.179999828338623 13.179999828338623 mqtt-mini.facebook.com:54281 0.561255 1.023255 0.547 False
66 com.instagram.android 2 13.740000009536743 3.012 13.179999828338623 13.179999828338623 i.instagram.com:45337 0.738024 0.738024 2.306 False
67 com.instagram.android 2 13.740000009536743 3.012 13.179999828338623 13.179999828338623 i.instagram.com:45336 1.107411 1.1864109999999999 32.313 False
68 com.instagram.android 2 13.740000009536743 3.012 13.179999828338623 13.179999828338623 i.instagram.com:45335 1.139071 1.395071 18.596 False
69 com.instagram.android 2 13.740000009536743 3.012 13.179999828338623 13.179999828338623 i.instagram.com:45339 1.203612 1.394612 3.206 False
70 com.instagram.android 2 13.740000009536743 3.012 13.179999828338623 13.179999828338623 i.instagram.com:45340 1.254645 1.254645 2.964 False
71 com.instagram.android 2 13.740000009536743 3.012 13.179999828338623 13.179999828338623 scontent-lht6-1.cdninstagram.com:47276 1.282798 2.437798 184.583 True
72 com.instagram.android 2 13.740000009536743 3.012 13.179999828338623 13.179999828338623 scontent-lht6-1.cdninstagram.com:47277 1.283193 2.748193 415.984 True
73 com.instagram.android 2 13.740000009536743 3.012 13.179999828338623 13.179999828338623 scontent-lht6-1.cdninstagram.com:47278 1.283981 1.8249810000000002 20.336 True
74 com.instagram.android 2 13.740000009536743 3.012 13.179999828338623 13.179999828338623 scontent-lht6-1.cdninstagram.com:47279 1.287127 2.411127 182.855 True
75 com.instagram.android 2 13.740000009536743 3.012 13.179999828338623 13.179999828338623 i.instagram.com:45337 1.35613 1.35613 0.92 False
76 com.instagram.android 2 13.740000009536743 3.012 13.179999828338623 13.179999828338623 i.instagram.com:45337 1.6173060000000001 1.6173060000000001 2.413 False
77 com.instagram.android 2 13.740000009536743 3.012 13.179999828338623 13.179999828338623 edge-mqtt.facebook.com:50192 1.6373980000000001 2.084398 0.917 False
78 com.instagram.android 2 13.740000009536743 3.012 13.179999828338623 13.179999828338623 i.instagram.com:45336 1.703781 1.7067809999999999 6.991 False
79 com.instagram.android 2 13.740000009536743 3.012 13.179999828338623 13.179999828338623 i.instagram.com:45340 1.895509 1.895509 2.432 False
80 com.instagram.android 2 13.740000009536743 3.012 13.179999828338623 13.179999828338623 scontent-lht6-1.cdninstagram.com:47278 2.102654 2.7496539999999996 144.9 True
81 com.instagram.android 2 13.740000009536743 3.012 13.179999828338623 13.179999828338623 i.instagram.com:45340 2.206045 2.206045 0.999 False
82 com.instagram.android 2 13.740000009536743 3.012 13.179999828338623 13.179999828338623 edge-mqtt.facebook.com:50192 2.392124 2.541124 0.157 False
83 com.instagram.android 2 13.740000009536743 3.012 13.179999828338623 13.179999828338623 i.instagram.com:45340 2.749892 3.056892 56.88 False
84 com.instagram.android 2 13.740000009536743 3.012 13.179999828338623 13.179999828338623 i.instagram.com:45340 3.309213 3.309213 2.78 False
85 com.instagram.android 3 13.869999885559082 3.114 13.319999933242798 13.319999933242798 i.instagram.com:45346 0.0 0.233 0.855 False
86 com.instagram.android 3 13.869999885559082 3.114 13.319999933242798 13.319999933242798 i.instagram.com:45347 0.001385 0.28138500000000005 1.6 False
87 com.instagram.android 3 13.869999885559082 3.114 13.319999933242798 13.319999933242798 i.instagram.com:45348 0.173215 0.614215 3.855 False
88 com.instagram.android 3 13.869999885559082 3.114 13.319999933242798 13.319999933242798 scontent-frt3-2.cdninstagram.com:38065 0.208502 0.473502 29.374 False
89 com.instagram.android 3 13.869999885559082 3.114 13.319999933242798 13.319999933242798 i.instagram.com:45350 0.359449 0.786449 3.288 False
90 com.instagram.android 3 13.869999885559082 3.114 13.319999933242798 13.319999933242798 i.instagram.com:45351 0.359956 0.506956 0.921 False
91 com.instagram.android 3 13.869999885559082 3.114 13.319999933242798 13.319999933242798 graph.facebook.com:41099 0.370809 0.859809 2.447 False
92 com.instagram.android 3 13.869999885559082 3.114 13.319999933242798 13.319999933242798 mqtt-mini.facebook.com:37806 0.595687 1.132687 0.547 False
93 com.instagram.android 3 13.869999885559082 3.114 13.319999933242798 13.319999933242798 i.instagram.com:45346 0.650728 0.694728 31.453 False
94 com.instagram.android 3 13.869999885559082 3.114 13.319999933242798 13.319999933242798 scontent-lht6-1.cdninstagram.com:47287 0.795915 1.0759150000000002 86.526 True
95 com.instagram.android 3 13.869999885559082 3.114 13.319999933242798 13.319999933242798 i.instagram.com:45351 0.810404 0.810404 2.369 False
96 com.instagram.android 3 13.869999885559082 3.114 13.319999933242798 13.319999933242798 scontent-lht6-1.cdninstagram.com:47288 0.814355 1.102355 15.664 True
97 com.instagram.android 3 13.869999885559082 3.114 13.319999933242798 13.319999933242798 scontent-lht6-1.cdninstagram.com:47289 0.816075 1.202075 136.377 True
98 com.instagram.android 3 13.869999885559082 3.114 13.319999933242798 13.319999933242798 scontent-lht6-1.cdninstagram.com:47290 0.824255 1.125255 13.003 True
99 com.instagram.android 3 13.869999885559082 3.114 13.319999933242798 13.319999933242798 i.instagram.com:45347 1.7762850000000001 1.833285 16.288 False
100 com.instagram.android 3 13.869999885559082 3.114 13.319999933242798 13.319999933242798 i.instagram.com:45351 1.842195 1.842195 0.928 False
101 com.instagram.android 3 13.869999885559082 3.114 13.319999933242798 13.319999933242798 i.instagram.com:45350 1.8572220000000002 1.8572220000000002 0.877 False
102 com.instagram.android 3 13.869999885559082 3.114 13.319999933242798 13.319999933242798 i.instagram.com:45346 1.8789850000000001 1.8789850000000001 0.868 False
103 com.instagram.android 3 13.869999885559082 3.114 13.319999933242798 13.319999933242798 i.instagram.com:45348 1.901716 1.901716 2.972 False
104 com.instagram.android 3 13.869999885559082 3.114 13.319999933242798 13.319999933242798 scontent-lht6-1.cdninstagram.com:47289 1.963633 2.443633 156.987 True
105 com.instagram.android 3 13.869999885559082 3.114 13.319999933242798 13.319999933242798 scontent-lht6-1.cdninstagram.com:47290 1.966033 2.604033 206.037 True
106 com.instagram.android 3 13.869999885559082 3.114 13.319999933242798 13.319999933242798 scontent-lht6-1.cdninstagram.com:47288 1.976149 2.535149 174.182 True
107 com.instagram.android 3 13.869999885559082 3.114 13.319999933242798 13.319999933242798 scontent-lht6-1.cdninstagram.com:47287 2.037104 2.5541039999999997 160.382 True
108 com.instagram.android 3 13.869999885559082 3.114 13.319999933242798 13.319999933242798 i.instagram.com:45347 2.094357 2.094357 2.323 False
109 com.instagram.android 3 13.869999885559082 3.114 13.319999933242798 13.319999933242798 i.instagram.com:45351 2.113914 2.113914 2.413 False
110 com.instagram.android 3 13.869999885559082 3.114 13.319999933242798 13.319999933242798 i.instagram.com:45350 2.293108 2.293108 6.956 False
111 com.instagram.android 3 13.869999885559082 3.114 13.319999933242798 13.319999933242798 edge-mqtt.facebook.com:52686 2.327303 3.0023030000000004 1.074 False
112 com.instagram.android 3 13.869999885559082 3.114 13.319999933242798 13.319999933242798 i.instagram.com:45346 2.413253 2.413253 2.346 False
113 com.instagram.android 3 13.869999885559082 3.114 13.319999933242798 13.319999933242798 i.instagram.com:45348 2.7358130000000003 3.2028130000000004 59.124 False
114 com.instagram.android 3 13.869999885559082 3.114 13.319999933242798 13.319999933242798 i.instagram.com:45346 2.86732 3.09532 4.015 False
115 com.instagram.android 4 13.889999866485596 25.111 26.73699994277954 26.73699994277954 i.instagram.com:45358 0.0 0.311 1.6 False
116 com.instagram.android 4 13.889999866485596 25.111 26.73699994277954 26.73699994277954 i.instagram.com:45359 0.002702 0.274702 0.855 False
117 com.instagram.android 4 13.889999866485596 25.111 26.73699994277954 26.73699994277954 scontent-frt3-2.cdninstagram.com:38076 0.16804 0.41203999999999996 29.369 False
118 com.instagram.android 4 13.889999866485596 25.111 26.73699994277954 26.73699994277954 i.instagram.com:45361 0.223551 0.411551 1.616 False
119 com.instagram.android 4 13.889999866485596 25.111 26.73699994277954 26.73699994277954 i.instagram.com:45362 0.334632 0.725632 3.29 False
120 com.instagram.android 4 13.889999866485596 25.111 26.73699994277954 26.73699994277954 i.instagram.com:45363 0.340249 0.693249 3.288 False
121 com.instagram.android 4 13.889999866485596 25.111 26.73699994277954 26.73699994277954 graph.facebook.com:41111 0.344951 0.7979510000000001 2.452 False
122 com.instagram.android 4 13.889999866485596 25.111 26.73699994277954 26.73699994277954 mqtt-mini.facebook.com:50880 0.588844 1.189844 0.547 False
123 com.instagram.android 4 13.889999866485596 25.111 26.73699994277954 26.73699994277954 i.instagram.com:45361 0.708293 0.708293 2.239 False
124 com.instagram.android 4 13.889999866485596 25.111 26.73699994277954 26.73699994277954 i.instagram.com:45359 0.818304 0.878304 31.396 False
125 com.instagram.android 4 13.889999866485596 25.111 26.73699994277954 26.73699994277954 scontent-lht6-1.cdninstagram.com:47299 0.943628 2.258628 156.862 True
126 com.instagram.android 4 13.889999866485596 25.111 26.73699994277954 26.73699994277954 scontent-lht6-1.cdninstagram.com:47300 0.94398 2.17898 293.364 True
127 com.instagram.android 4 13.889999866485596 25.111 26.73699994277954 26.73699994277954 scontent-lht6-1.cdninstagram.com:47301 0.944318 2.371318 188.721 True
128 com.instagram.android 4 13.889999866485596 25.111 26.73699994277954 26.73699994277954 scontent-lht6-1.cdninstagram.com:47302 0.944637 2.3716369999999998 309.018 True
129 com.instagram.android 4 13.889999866485596 25.111 26.73699994277954 26.73699994277954 i.instagram.com:45358 1.217144 1.311144 16.253 False
130 com.instagram.android 4 13.889999866485596 25.111 26.73699994277954 26.73699994277954 i.instagram.com:45359 1.368588 1.368588 0.92 False
131 com.instagram.android 4 13.889999866485596 25.111 26.73699994277954 26.73699994277954 i.instagram.com:45362 1.3729 1.3729 0.869 False
132 com.instagram.android 4 13.889999866485596 25.111 26.73699994277954 26.73699994277954 i.instagram.com:45361 1.375823 1.375823 0.86 False
133 com.instagram.android 4 13.889999866485596 25.111 26.73699994277954 26.73699994277954 i.instagram.com:45363 1.37584 1.37584 2.964 False
134 com.instagram.android 4 13.889999866485596 25.111 26.73699994277954 26.73699994277954 i.instagram.com:45358 1.636726 1.636726 2.323 False
135 com.instagram.android 4 13.889999866485596 25.111 26.73699994277954 26.73699994277954 edge-mqtt.facebook.com:39114 1.740659 2.207659 0.917 False
136 com.instagram.android 4 13.889999866485596 25.111 26.73699994277954 26.73699994277954 i.instagram.com:45361 1.8412920000000002 1.848292 2.346 False
137 com.instagram.android 4 13.889999866485596 25.111 26.73699994277954 26.73699994277954 i.instagram.com:45359 1.859818 1.859818 2.413 False
138 com.instagram.android 4 13.889999866485596 25.111 26.73699994277954 26.73699994277954 i.instagram.com:45363 1.8781349999999999 1.8781349999999999 2.432 False
139 com.instagram.android 4 13.889999866485596 25.111 26.73699994277954 26.73699994277954 i.instagram.com:45362 1.969077 1.971077 6.993 False
140 com.instagram.android 4 13.889999866485596 25.111 26.73699994277954 26.73699994277954 i.instagram.com:45362 2.326677 2.326677 0.999 False
141 com.instagram.android 4 13.889999866485596 25.111 26.73699994277954 26.73699994277954 i.instagram.com:45362 2.61648 2.7074800000000003 55.669 False
142 com.instagram.android 4 13.889999866485596 25.111 26.73699994277954 26.73699994277954 edge-mqtt.facebook.com:39114 3.236014 3.279014 0.129 False
143 com.instagram.android 4 13.889999866485596 25.111 26.73699994277954 26.73699994277954 i.instagram.com:45362 3.274693 3.274693 1.235 False
144 com.instagram.android 4 13.889999866485596 25.111 26.73699994277954 26.73699994277954 i.instagram.com:45362 3.5683920000000002 3.569392 2.903 False
145 com.instagram.android 4 13.889999866485596 25.111 26.73699994277954 26.73699994277954 edge-mqtt.facebook.com:39114 3.570772 3.570772 0.028 False
146 com.instagram.android 4 13.889999866485596 25.111 26.73699994277954 26.73699994277954 i.instagram.com:45362 24.009096 24.239096 3.461 False
147 com.instagram.android 4 13.889999866485596 25.111 26.73699994277954 26.73699994277954 i.instagram.com:45363 24.106872 24.106872 0.864 False
148 com.instagram.android 4 13.889999866485596 25.111 26.73699994277954 26.73699994277954 i.instagram.com:45359 24.120123 24.120123 1.837 False
149 com.instagram.android 4 13.889999866485596 25.111 26.73699994277954 26.73699994277954 scontent-lht6-1.cdninstagram.com:47302 24.341747 24.403747000000003 7.603 True
150 com.instagram.android 4 13.889999866485596 25.111 26.73699994277954 26.73699994277954 scontent-lht6-1.cdninstagram.com:47301 24.347012 24.405012 9.516 True
151 com.instagram.android 4 13.889999866485596 25.111 26.73699994277954 26.73699994277954 scontent-lht6-1.cdninstagram.com:47299 24.359334 24.414334 5.478 True
152 com.instagram.android 4 13.889999866485596 25.111 26.73699994277954 26.73699994277954 scontent-lht6-1.cdninstagram.com:47300 24.360299 24.422299000000002 5.045 True
153 com.instagram.android 4 13.889999866485596 25.111 26.73699994277954 26.73699994277954 i.instagram.com:45363 24.592122 24.868122 32.397 False
154 com.instagram.android 4 13.889999866485596 25.111 26.73699994277954 26.73699994277954 scontent-lht6-1.cdninstagram.com:47300 24.821518 24.877518000000002 6.296 True
155 com.instagram.android 4 13.889999866485596 25.111 26.73699994277954 26.73699994277954 scontent-lht6-1.cdninstagram.com:47299 24.841215 24.922214999999998 27.295 True
156 com.instagram.android 4 13.889999866485596 25.111 26.73699994277954 26.73699994277954 scontent-lht6-1.cdninstagram.com:47301 24.84185 24.99785 18.06 True
157 com.instagram.android 4 13.889999866485596 25.111 26.73699994277954 26.73699994277954 i.instagram.com:45359 24.941137 25.236137000000003 18.603 False
158 com.instagram.android 4 13.889999866485596 25.111 26.73699994277954 26.73699994277954 i.instagram.com:45362 25.037759 25.037759 0.869 False
159 com.instagram.android 4 13.889999866485596 25.111 26.73699994277954 26.73699994277954 i.instagram.com:45362 25.435469 25.435469 2.346 False
160 com.instagram.android 4 13.889999866485596 25.111 26.73699994277954 26.73699994277954 i.instagram.com:45363 25.601061 25.601061 2.369 False
161 com.instagram.android 5 13.709999799728394 2.971 13.119999885559082 13.119999885559082 i.instagram.com:45370 0.0 0.321 1.599 False
162 com.instagram.android 5 13.709999799728394 2.971 13.119999885559082 13.119999885559082 i.instagram.com:45371 0.00121 0.30021 0.855 False
163 com.instagram.android 5 13.709999799728394 2.971 13.119999885559082 13.119999885559082 i.instagram.com:45372 0.188026 0.500026 1.616 False
164 com.instagram.android 5 13.709999799728394 2.971 13.119999885559082 13.119999885559082 scontent-frt3-2.cdninstagram.com:38089 0.252035 0.563035 29.374 False
165 com.instagram.android 5 13.709999799728394 2.971 13.119999885559082 13.119999885559082 i.instagram.com:45374 0.367877 0.778877 3.288 False
166 com.instagram.android 5 13.709999799728394 2.971 13.119999885559082 13.119999885559082 graph.facebook.com:41122 0.413443 0.636443 1.683 False
167 com.instagram.android 5 13.709999799728394 2.971 13.119999885559082 13.119999885559082 i.instagram.com:45376 0.449484 0.817484 3.29 False
168 com.instagram.android 5 13.709999799728394 2.971 13.119999885559082 13.119999885559082 mqtt-mini.facebook.com:32958 0.600517 1.080517 0.547 False
169 com.instagram.android 5 13.709999799728394 2.971 13.119999885559082 13.119999885559082 i.instagram.com:45372 0.790923 0.796923 2.239 False
170 com.instagram.android 5 13.709999799728394 2.971 13.119999885559082 13.119999885559082 i.instagram.com:45371 0.882288 0.930288 31.434 False
171 com.instagram.android 5 13.709999799728394 2.971 13.119999885559082 13.119999885559082 graph.facebook.com:41122 0.970915 0.970915 0.769 False
172 com.instagram.android 5 13.709999799728394 2.971 13.119999885559082 13.119999885559082 scontent-lht6-1.cdninstagram.com:47311 1.005322 2.360322 217.369 True
173 com.instagram.android 5 13.709999799728394 2.971 13.119999885559082 13.119999885559082 scontent-lht6-1.cdninstagram.com:47312 1.005693 1.319693 86.526 True
174 com.instagram.android 5 13.709999799728394 2.971 13.119999885559082 13.119999885559082 scontent-lht6-1.cdninstagram.com:47313 1.006059 1.274059 13.963 True
175 com.instagram.android 5 13.709999799728394 2.971 13.119999885559082 13.119999885559082 scontent-lht6-1.cdninstagram.com:47314 1.00644 1.79444 238.385 True
176 com.instagram.android 5 13.709999799728394 2.971 13.119999885559082 13.119999885559082 i.instagram.com:45370 1.363724 1.6707239999999999 21.548 False
177 com.instagram.android 5 13.709999799728394 2.971 13.119999885559082 13.119999885559082 i.instagram.com:45371 1.532524 1.532524 0.928 False
178 com.instagram.android 5 13.709999799728394 2.971 13.119999885559082 13.119999885559082 i.instagram.com:45376 1.533428 1.533428 0.877 False
179 com.instagram.android 5 13.709999799728394 2.971 13.119999885559082 13.119999885559082 i.instagram.com:45372 1.535031 1.535031 0.868 False
180 com.instagram.android 5 13.709999799728394 2.971 13.119999885559082 13.119999885559082 i.instagram.com:45374 1.549939 1.549939 2.972 False
181 com.instagram.android 5 13.709999799728394 2.971 13.119999885559082 13.119999885559082 scontent-lht6-1.cdninstagram.com:47312 1.613963 2.208963 195.797 True
182 com.instagram.android 5 13.709999799728394 2.971 13.119999885559082 13.119999885559082 scontent-lht6-1.cdninstagram.com:47313 1.6171929999999999 2.1311929999999997 119.438 True
183 com.instagram.android 5 13.709999799728394 2.971 13.119999885559082 13.119999885559082 i.instagram.com:45372 1.838401 1.838401 2.346 False
184 com.instagram.android 5 13.709999799728394 2.971 13.119999885559082 13.119999885559082 i.instagram.com:45371 1.842193 1.842193 2.413 False
185 com.instagram.android 5 13.709999799728394 2.971 13.119999885559082 13.119999885559082 i.instagram.com:45374 1.8821189999999999 1.8861189999999999 2.432 False
186 com.instagram.android 5 13.709999799728394 2.971 13.119999885559082 13.119999885559082 scontent-lht6-1.cdninstagram.com:47314 2.109886 2.290886 70.274 True
187 com.instagram.android 5 13.709999799728394 2.971 13.119999885559082 13.119999885559082 i.instagram.com:45376 2.141097 2.141097 6.976 False
188 com.instagram.android 5 13.709999799728394 2.971 13.119999885559082 13.119999885559082 edge-mqtt.facebook.com:50617 2.186024 2.940024 1.074 False
189 com.instagram.android 5 13.709999799728394 2.971 13.119999885559082 13.119999885559082 i.instagram.com:45376 2.507553 3.0495530000000004 57.952 False
190 com.instagram.android 5 13.709999799728394 2.971 13.119999885559082 13.119999885559082 i.instagram.com:45376 3.330977 3.3319769999999997 2.78 False
191 com.instagram.android 6 13.709999799728394 2.965 13.15999984741211 13.15999984741211 i.instagram.com:45381 0.0 0.268 0.855 False
192 com.instagram.android 6 13.709999799728394 2.965 13.15999984741211 13.15999984741211 i.instagram.com:45382 0.000829 0.27982900000000005 1.599 False
193 com.instagram.android 6 13.709999799728394 2.965 13.15999984741211 13.15999984741211 scontent-frt3-2.cdninstagram.com:38099 0.206265 0.45826500000000003 29.369 False
194 com.instagram.android 6 13.709999799728394 2.965 13.15999984741211 13.15999984741211 i.instagram.com:45384 0.20714 0.51814 1.616 False
195 com.instagram.android 6 13.709999799728394 2.965 13.15999984741211 13.15999984741211 i.instagram.com:45385 0.386846 0.5488460000000001 0.919 False
196 com.instagram.android 6 13.709999799728394 2.965 13.15999984741211 13.15999984741211 i.instagram.com:45386 0.437881 0.578881 0.921 False
197 com.instagram.android 6 13.709999799728394 2.965 13.15999984741211 13.15999984741211 graph.facebook.com:41134 0.451301 0.895301 2.452 False
198 com.instagram.android 6 13.709999799728394 2.965 13.15999984741211 13.15999984741211 mqtt-mini.facebook.com:36533 0.627903 1.159903 0.547 False
199 com.instagram.android 6 13.709999799728394 2.965 13.15999984741211 13.15999984741211 i.instagram.com:45381 0.720802 0.7708020000000001 31.438 False
200 com.instagram.android 6 13.709999799728394 2.965 13.15999984741211 13.15999984741211 i.instagram.com:45384 0.771538 0.771538 2.239 False
201 com.instagram.android 6 13.709999799728394 2.965 13.15999984741211 13.15999984741211 scontent-lht6-1.cdninstagram.com:47322 0.891636 1.211636 86.526 True
202 com.instagram.android 6 13.709999799728394 2.965 13.15999984741211 13.15999984741211 scontent-lht6-1.cdninstagram.com:47323 0.892599 1.323599 136.377 True
203 com.instagram.android 6 13.709999799728394 2.965 13.15999984741211 13.15999984741211 scontent-lht6-1.cdninstagram.com:47324 0.896757 1.191757 13.483 True
204 com.instagram.android 6 13.709999799728394 2.965 13.15999984741211 13.15999984741211 scontent-lht6-1.cdninstagram.com:47325 0.900118 1.246118 14.647 True
205 com.instagram.android 6 13.709999799728394 2.965 13.15999984741211 13.15999984741211 i.instagram.com:45385 0.950796 0.950796 2.369 False
206 com.instagram.android 6 13.709999799728394 2.965 13.15999984741211 13.15999984741211 i.instagram.com:45386 0.995398 0.995398 2.369 False
207 com.instagram.android 6 13.709999799728394 2.965 13.15999984741211 13.15999984741211 i.instagram.com:45382 1.4101759999999999 1.7291759999999998 19.025 False
208 com.instagram.android 6 13.709999799728394 2.965 13.15999984741211 13.15999984741211 i.instagram.com:45386 1.507093 1.507093 0.928 False
209 com.instagram.android 6 13.709999799728394 2.965 13.15999984741211 13.15999984741211 i.instagram.com:45385 1.566818 1.566818 0.877 False
210 com.instagram.android 6 13.709999799728394 2.965 13.15999984741211 13.15999984741211 i.instagram.com:45384 1.567704 1.567704 0.868 False
211 com.instagram.android 6 13.709999799728394 2.965 13.15999984741211 13.15999984741211 i.instagram.com:45381 1.592864 1.595864 2.972 False
212 com.instagram.android 6 13.709999799728394 2.965 13.15999984741211 13.15999984741211 scontent-lht6-1.cdninstagram.com:47323 1.628312 2.270312 171.308 True
213 com.instagram.android 6 13.709999799728394 2.965 13.15999984741211 13.15999984741211 scontent-lht6-1.cdninstagram.com:47325 1.63105 2.36605 201.331 True
214 com.instagram.android 6 13.709999799728394 2.965 13.15999984741211 13.15999984741211 scontent-lht6-1.cdninstagram.com:47322 1.6415380000000002 2.3665380000000003 172.281 True
215 com.instagram.android 6 13.709999799728394 2.965 13.15999984741211 13.15999984741211 scontent-lht6-1.cdninstagram.com:47324 1.647229 2.2322290000000002 143.927 True
216 com.instagram.android 6 13.709999799728394 2.965 13.15999984741211 13.15999984741211 i.instagram.com:45386 1.778588 1.778588 2.413 False
217 com.instagram.android 6 13.709999799728394 2.965 13.15999984741211 13.15999984741211 i.instagram.com:45384 1.86895 1.86895 2.346 False
218 com.instagram.android 6 13.709999799728394 2.965 13.15999984741211 13.15999984741211 i.instagram.com:45381 1.951787 1.951787 2.432 False
219 com.instagram.android 6 13.709999799728394 2.965 13.15999984741211 13.15999984741211 edge-mqtt.facebook.com:51774 2.186553 2.580553 0.917 False
220 com.instagram.android 6 13.709999799728394 2.965 13.15999984741211 13.15999984741211 i.instagram.com:45385 2.271109 2.271109 6.987 False
221 com.instagram.android 6 13.709999799728394 2.965 13.15999984741211 13.15999984741211 i.instagram.com:45385 2.534339 2.534339 1.0 False
222 com.instagram.android 6 13.709999799728394 2.965 13.15999984741211 13.15999984741211 i.instagram.com:45385 2.887158 2.975158 55.669 False
223 com.instagram.android 6 13.709999799728394 2.965 13.15999984741211 13.15999984741211 edge-mqtt.facebook.com:51774 3.690819 3.936819 0.157 False
224 com.instagram.android 6 13.709999799728394 2.965 13.15999984741211 13.15999984741211 i.instagram.com:45385 3.793869 4.026869 4.015 False
225 com.instagram.android 7 13.740000009536743 2.61 13.15999984741211 13.15999984741211 i.instagram.com:45392 0.0 0.268 1.599 False
226 com.instagram.android 7 13.740000009536743 2.61 13.15999984741211 13.15999984741211 i.instagram.com:45393 0.008538 0.331538 0.855 False
227 com.instagram.android 7 13.740000009536743 2.61 13.15999984741211 13.15999984741211 i.instagram.com:45394 0.158425 0.625425 3.855 False
228 com.instagram.android 7 13.740000009536743 2.61 13.15999984741211 13.15999984741211 scontent-frt3-2.cdninstagram.com:38111 0.178917 0.410917 29.374 False
229 com.instagram.android 7 13.740000009536743 2.61 13.15999984741211 13.15999984741211 i.instagram.com:45396 0.401435 0.7414350000000001 3.288 False
230 com.instagram.android 7 13.740000009536743 2.61 13.15999984741211 13.15999984741211 graph.facebook.com:41144 0.409218 0.868218 2.452 False
231 com.instagram.android 7 13.740000009536743 2.61 13.15999984741211 13.15999984741211 i.instagram.com:45398 0.410201 0.5282009999999999 0.921 False
232 com.instagram.android 7 13.740000009536743 2.61 13.15999984741211 13.15999984741211 mqtt-mini.facebook.com:38636 0.538021 1.061021 0.547 False
233 com.instagram.android 7 13.740000009536743 2.61 13.15999984741211 13.15999984741211 i.instagram.com:45398 0.868526 0.868526 2.369 False
234 com.instagram.android 7 13.740000009536743 2.61 13.15999984741211 13.15999984741211 i.instagram.com:45392 1.261719 1.525719 21.048 False
235 com.instagram.android 7 13.740000009536743 2.61 13.15999984741211 13.15999984741211 i.instagram.com:45398 1.321338 1.321338 0.869 False
236 com.instagram.android 7 13.740000009536743 2.61 13.15999984741211 13.15999984741211 i.instagram.com:45396 1.3245149999999999 1.5105149999999998 3.206 False
237 com.instagram.android 7 13.740000009536743 2.61 13.15999984741211 13.15999984741211 scontent-lht6-1.cdninstagram.com:47333 1.407626 1.821626 102.006 True
238 com.instagram.android 7 13.740000009536743 2.61 13.15999984741211 13.15999984741211 scontent-lht6-1.cdninstagram.com:47334 1.409 1.833 80.847 True
239 com.instagram.android 7 13.740000009536743 2.61 13.15999984741211 13.15999984741211 scontent-lht6-1.cdninstagram.com:47335 1.40999 1.78699 61.064 True
240 com.instagram.android 7 13.740000009536743 2.61 13.15999984741211 13.15999984741211 scontent-lht6-1.cdninstagram.com:47336 1.410352 2.449352 258.599 True
241 com.instagram.android 7 13.740000009536743 2.61 13.15999984741211 13.15999984741211 i.instagram.com:45394 1.411605 1.421605 2.964 False
242 com.instagram.android 7 13.740000009536743 2.61 13.15999984741211 13.15999984741211 i.instagram.com:45393 1.702384 1.833384 31.451 False
243 com.instagram.android 7 13.740000009536743 2.61 13.15999984741211 13.15999984741211 i.instagram.com:45398 1.8342779999999999 1.9332779999999998 7.898 False
244 com.instagram.android 7 13.740000009536743 2.61 13.15999984741211 13.15999984741211 i.instagram.com:45394 1.835112 1.835112 2.432 False
245 com.instagram.android 7 13.740000009536743 2.61 13.15999984741211 13.15999984741211 scontent-lht6-1.cdninstagram.com:47334 2.113762 2.380762 126.401 True
246 com.instagram.android 7 13.740000009536743 2.61 13.15999984741211 13.15999984741211 scontent-lht6-1.cdninstagram.com:47333 2.118511 2.343511 101.919 True
247 com.instagram.android 7 13.740000009536743 2.61 13.15999984741211 13.15999984741211 scontent-lht6-1.cdninstagram.com:47335 2.121996 2.5109960000000004 217.764 True
248 com.instagram.android 7 13.740000009536743 2.61 13.15999984741211 13.15999984741211 edge-mqtt.facebook.com:39229 2.20265 2.87665 1.074 False
249 com.instagram.android 7 13.740000009536743 2.61 13.15999984741211 13.15999984741211 i.instagram.com:45398 2.212418 2.661418 59.081 False
250 com.instagram.android 7 13.740000009536743 2.61 13.15999984741211 13.15999984741211 i.instagram.com:45398 3.089957 3.089957 1.235 False
251 com.instagram.android 7 13.740000009536743 2.61 13.15999984741211 13.15999984741211 i.instagram.com:45398 3.351763 3.352763 2.779 False
252 com.instagram.android 8 13.769999980926514 2.684 13.209999799728394 13.209999799728394 i.instagram.com:45403 0.0 0.402 0.855 False
253 com.instagram.android 8 13.769999980926514 2.684 13.209999799728394 13.209999799728394 i.instagram.com:45404 0.003867 0.413867 1.599 False
254 com.instagram.android 8 13.769999980926514 2.684 13.209999799728394 13.209999799728394 i.instagram.com:45405 0.16009 0.63809 3.855 False
255 com.instagram.android 8 13.769999980926514 2.684 13.209999799728394 13.209999799728394 scontent-frt3-2.cdninstagram.com:38122 0.17706 0.41406 29.374 False
256 com.instagram.android 8 13.769999980926514 2.684 13.209999799728394 13.209999799728394 i.instagram.com:45407 0.399662 0.798662 3.412 False
257 com.instagram.android 8 13.769999980926514 2.684 13.209999799728394 13.209999799728394 i.instagram.com:45408 0.41112 0.55512 0.921 False
258 com.instagram.android 8 13.769999980926514 2.684 13.209999799728394 13.209999799728394 graph.facebook.com:41156 0.411859 0.705859 1.683 False
259 com.instagram.android 8 13.769999980926514 2.684 13.209999799728394 13.209999799728394 mqtt-mini.facebook.com:48303 0.624683 1.059683 0.547 False
260 com.instagram.android 8 13.769999980926514 2.684 13.209999799728394 13.209999799728394 i.instagram.com:45403 0.908763 0.968763 31.45 False
261 com.instagram.android 8 13.769999980926514 2.684 13.209999799728394 13.209999799728394 graph.facebook.com:41156 0.978758 0.978758 0.764 False
262 com.instagram.android 8 13.769999980926514 2.684 13.209999799728394 13.209999799728394 scontent-lht6-1.cdninstagram.com:47344 1.065287 1.944287 234.134 True
263 com.instagram.android 8 13.769999980926514 2.684 13.209999799728394 13.209999799728394 scontent-lht6-1.cdninstagram.com:47345 1.06615 2.20815 289.876 True
264 com.instagram.android 8 13.769999980926514 2.684 13.209999799728394 13.209999799728394 scontent-lht6-1.cdninstagram.com:47346 1.067429 1.8784290000000001 75.566 True
265 com.instagram.android 8 13.769999980926514 2.684 13.209999799728394 13.209999799728394 scontent-lht6-1.cdninstagram.com:47347 1.068103 2.2611030000000003 300.728 True
266 com.instagram.android 8 13.769999980926514 2.684 13.209999799728394 13.209999799728394 i.instagram.com:45408 1.132598 1.312598 3.289 False
267 com.instagram.android 8 13.769999980926514 2.684 13.209999799728394 13.209999799728394 i.instagram.com:45404 1.237766 1.3107659999999999 14.089 False
268 com.instagram.android 8 13.769999980926514 2.684 13.209999799728394 13.209999799728394 i.instagram.com:45403 1.338098 1.338098 0.869 False
269 com.instagram.android 8 13.769999980926514 2.684 13.209999799728394 13.209999799728394 i.instagram.com:45407 1.376498 1.376498 0.86 False
270 com.instagram.android 8 13.769999980926514 2.684 13.209999799728394 13.209999799728394 i.instagram.com:45405 1.378342 1.378342 2.964 False
271 com.instagram.android 8 13.769999980926514 2.684 13.209999799728394 13.209999799728394 i.instagram.com:45404 1.634353 1.634353 2.323 False
272 com.instagram.android 8 13.769999980926514 2.684 13.209999799728394 13.209999799728394 i.instagram.com:45408 1.6349420000000001 1.6349420000000001 2.413 False
273 com.instagram.android 8 13.769999980926514 2.684 13.209999799728394 13.209999799728394 i.instagram.com:45405 1.738997 1.738997 2.432 False
274 com.instagram.android 8 13.769999980926514 2.684 13.209999799728394 13.209999799728394 edge-mqtt.facebook.com:49749 1.745561 2.506561 1.074 False
275 com.instagram.android 8 13.769999980926514 2.684 13.209999799728394 13.209999799728394 i.instagram.com:45403 1.837199 1.859199 6.994 False
276 com.instagram.android 8 13.769999980926514 2.684 13.209999799728394 13.209999799728394 i.instagram.com:45407 2.017647 2.017647 2.346 False
277 com.instagram.android 8 13.769999980926514 2.684 13.209999799728394 13.209999799728394 i.instagram.com:45407 2.336846 2.336846 1.0 False
278 com.instagram.android 8 13.769999980926514 2.684 13.209999799728394 13.209999799728394 i.instagram.com:45407 2.58882 2.69682 55.669 False
279 com.instagram.android 8 13.769999980926514 2.684 13.209999799728394 13.209999799728394 i.instagram.com:45407 3.126922 3.370922 4.015 False
280 com.instagram.android 9 13.849999904632568 2.751 13.269999980926514 13.269999980926514 i.instagram.com:45414 0.0 0.441 0.855 False
281 com.instagram.android 9 13.849999904632568 2.751 13.269999980926514 13.269999980926514 i.instagram.com:45415 0.003807 0.495807 1.599 False
282 com.instagram.android 9 13.849999904632568 2.751 13.269999980926514 13.269999980926514 i.instagram.com:45416 0.1815 0.4965 1.616 False
283 com.instagram.android 9 13.849999904632568 2.751 13.269999980926514 13.269999980926514 scontent-frt3-2.cdninstagram.com:38133 0.223143 0.5651430000000001 29.374 False
284 com.instagram.android 9 13.849999904632568 2.751 13.269999980926514 13.269999980926514 i.instagram.com:45418 0.451294 0.819294 3.288 False
285 com.instagram.android 9 13.849999904632568 2.751 13.269999980926514 13.269999980926514 i.instagram.com:45419 0.45439 0.83639 3.29 False
286 com.instagram.android 9 13.849999904632568 2.751 13.269999980926514 13.269999980926514 graph.facebook.com:41167 0.466709 0.911709 2.447 False
287 com.instagram.android 9 13.849999904632568 2.751 13.269999980926514 13.269999980926514 mqtt-mini.facebook.com:48008 0.595677 1.032677 0.547 False
288 com.instagram.android 9 13.849999904632568 2.751 13.269999980926514 13.269999980926514 i.instagram.com:45416 0.927371 0.931371 2.239 False
289 com.instagram.android 9 13.849999904632568 2.751 13.269999980926514 13.269999980926514 i.instagram.com:45414 1.011733 1.070733 31.295 False
290 com.instagram.android 9 13.849999904632568 2.751 13.269999980926514 13.269999980926514 scontent-lht6-1.cdninstagram.com:47355 1.146123 2.1621230000000002 242.353 True
291 com.instagram.android 9 13.849999904632568 2.751 13.269999980926514 13.269999980926514 scontent-lht6-1.cdninstagram.com:47356 1.146876 2.139876 328.005 True
292 com.instagram.android 9 13.849999904632568 2.751 13.269999980926514 13.269999980926514 scontent-lht6-1.cdninstagram.com:47357 1.14755 2.12855 132.441 True
293 com.instagram.android 9 13.849999904632568 2.751 13.269999980926514 13.269999980926514 scontent-lht6-1.cdninstagram.com:47358 1.14823 2.0762300000000002 196.646 True
294 com.instagram.android 9 13.849999904632568 2.751 13.269999980926514 13.269999980926514 i.instagram.com:45415 1.252024 1.570024 16.409 False
295 com.instagram.android 9 13.849999904632568 2.751 13.269999980926514 13.269999980926514 i.instagram.com:45414 1.350624 1.350624 0.92 False
296 com.instagram.android 9 13.849999904632568 2.751 13.269999980926514 13.269999980926514 i.instagram.com:45416 1.360022 1.360022 0.869 False
297 com.instagram.android 9 13.849999904632568 2.751 13.269999980926514 13.269999980926514 i.instagram.com:45419 1.362989 1.570989 3.206 False
298 com.instagram.android 9 13.849999904632568 2.751 13.269999980926514 13.269999980926514 i.instagram.com:45418 1.4229180000000001 1.4229180000000001 2.964 False
299 com.instagram.android 9 13.849999904632568 2.751 13.269999980926514 13.269999980926514 i.instagram.com:45414 1.631745 1.631745 2.413 False
300 com.instagram.android 9 13.849999904632568 2.751 13.269999980926514 13.269999980926514 i.instagram.com:45416 1.822786 1.827786 6.975 False
301 com.instagram.android 9 13.849999904632568 2.751 13.269999980926514 13.269999980926514 edge-mqtt.facebook.com:34561 1.827036 2.481036 1.074 False
302 com.instagram.android 9 13.849999904632568 2.751 13.269999980926514 13.269999980926514 i.instagram.com:45418 1.846757 1.846757 2.432 False
303 com.instagram.android 9 13.849999904632568 2.751 13.269999980926514 13.269999980926514 i.instagram.com:45418 2.369726 2.369726 0.999 False
304 com.instagram.android 9 13.849999904632568 2.751 13.269999980926514 13.269999980926514 i.instagram.com:45418 2.670741 2.7617410000000002 55.717 False
305 com.instagram.android 9 13.849999904632568 2.751 13.269999980926514 13.269999980926514 i.instagram.com:45418 3.063216 3.3202160000000003 4.015 False
306 com.instagram.android 10 13.980000019073486 3.2 13.419999837875366 13.419999837875366 i.instagram.com:45425 0.0 0.59 1.599 False
307 com.instagram.android 10 13.980000019073486 3.2 13.419999837875366 13.419999837875366 i.instagram.com:45426 0.003666 0.489666 0.855 False
308 com.instagram.android 10 13.980000019073486 3.2 13.419999837875366 13.419999837875366 i.instagram.com:45427 0.18967 0.80167 3.855 False
309 com.instagram.android 10 13.980000019073486 3.2 13.419999837875366 13.419999837875366 scontent-frt3-2.cdninstagram.com:38144 0.199444 0.622444 29.374 False
310 com.instagram.android 10 13.980000019073486 3.2 13.419999837875366 13.419999837875366 i.instagram.com:45429 0.466483 0.9334830000000001 3.288 False
311 com.instagram.android 10 13.980000019073486 3.2 13.419999837875366 13.419999837875366 i.instagram.com:45430 0.473197 0.953197 3.29 False
312 com.instagram.android 10 13.980000019073486 3.2 13.419999837875366 13.419999837875366 graph.facebook.com:41178 0.48068 0.83268 1.683 False
313 com.instagram.android 10 13.980000019073486 3.2 13.419999837875366 13.419999837875366 mqtt-mini.facebook.com:47645 0.654411 1.143411 0.547 False
314 com.instagram.android 10 13.980000019073486 3.2 13.419999837875366 13.419999837875366 i.instagram.com:45426 1.053521 1.123521 31.339 False
315 com.instagram.android 10 13.980000019073486 3.2 13.419999837875366 13.419999837875366 graph.facebook.com:41178 1.093185 1.093185 0.764 False
316 com.instagram.android 10 13.980000019073486 3.2 13.419999837875366 13.419999837875366 scontent-lht6-1.cdninstagram.com:47366 1.179143 1.573143 16.038 True
317 com.instagram.android 10 13.980000019073486 3.2 13.419999837875366 13.419999837875366 scontent-lht6-1.cdninstagram.com:47367 1.181957 1.4469569999999998 11.437 True
318 com.instagram.android 10 13.980000019073486 3.2 13.419999837875366 13.419999837875366 scontent-lht6-1.cdninstagram.com:47368 1.183345 2.804345 233.335 True
319 com.instagram.android 10 13.980000019073486 3.2 13.419999837875366 13.419999837875366 scontent-lht6-1.cdninstagram.com:47369 1.183887 2.747887 332.25 True
320 com.instagram.android 10 13.980000019073486 3.2 13.419999837875366 13.419999837875366 i.instagram.com:45425 1.7073559999999999 1.797356 16.782 False
321 com.instagram.android 10 13.980000019073486 3.2 13.419999837875366 13.419999837875366 i.instagram.com:45426 1.810527 1.810527 0.928 False
322 com.instagram.android 10 13.980000019073486 3.2 13.419999837875366 13.419999837875366 i.instagram.com:45430 1.819494 1.819494 0.877 False
323 com.instagram.android 10 13.980000019073486 3.2 13.419999837875366 13.419999837875366 i.instagram.com:45429 1.819885 1.819885 0.868 False
324 com.instagram.android 10 13.980000019073486 3.2 13.419999837875366 13.419999837875366 i.instagram.com:45427 1.866432 1.866432 2.972 False
325 com.instagram.android 10 13.980000019073486 3.2 13.419999837875366 13.419999837875366 scontent-lht6-1.cdninstagram.com:47366 1.927011 2.843011 134.216 True
326 com.instagram.android 10 13.980000019073486 3.2 13.419999837875366 13.419999837875366 scontent-lht6-1.cdninstagram.com:47367 1.931339 2.673339 185.74 True
327 com.instagram.android 10 13.980000019073486 3.2 13.419999837875366 13.419999837875366 i.instagram.com:45425 2.056029 2.056029 2.323 False
328 com.instagram.android 10 13.980000019073486 3.2 13.419999837875366 13.419999837875366 i.instagram.com:45429 2.090029 2.090029 2.346 False
329 com.instagram.android 10 13.980000019073486 3.2 13.419999837875366 13.419999837875366 edge-mqtt.facebook.com:41962 2.206126 3.093126 1.074 False
330 com.instagram.android 10 13.980000019073486 3.2 13.419999837875366 13.419999837875366 i.instagram.com:45426 2.233763 2.233763 2.413 False
331 com.instagram.android 10 13.980000019073486 3.2 13.419999837875366 13.419999837875366 i.instagram.com:45430 2.361112 2.361112 6.988 False
332 com.instagram.android 10 13.980000019073486 3.2 13.419999837875366 13.419999837875366 i.instagram.com:45427 2.431072 2.431072 2.432 False
333 com.instagram.android 10 13.980000019073486 3.2 13.419999837875366 13.419999837875366 i.instagram.com:45427 2.827267 2.827267 0.999 False
334 com.instagram.android 10 13.980000019073486 3.2 13.419999837875366 13.419999837875366 i.instagram.com:45430 3.075614 3.313614 4.014 False
335 com.instagram.android 10 13.980000019073486 3.2 13.419999837875366 13.419999837875366 i.instagram.com:45427 3.123514 3.213514 55.645 False
